@CONVERTED_FROM_TEXT
@ITEM=1=Etat1
@ITEM=2=Etat2
@ITEM=3=Etat3
@ITEM=4=Etat4
@ITEM=5=Etat5
@ITEM=6=Etat6
@ITEM=7=Etat7
@ITEM=8=Etat8
@ITEM=9=Etat9
@ITEM=10=Etat10
@ITEM=11=Etat11
@ITEM=12=Etat12
@ITEM=13=Etat13
@ITEM=14=Etat14
@ITEM=15=Etat15
@ITEM=16=Etat16
@ITEM=17=Etat17
@ITEM=18=Etat18
@ITEM=19=Etat19
@ITEM=20=Etat20
@ITEM=21=Etat21
@ITEM=22=Etat22
@ITEM=23=Etat23
@ITEM=24=Etat24
@ITEM=25=Etat25
@ITEM=26=Etat26
@ITEM=27=Etat27
@ITEM=28=IncreaseSupply
@ITEM=29=DoNothingSupply
@ITEM=30=DecreaseSupply
@ITEM=31=ReduceSupply
@ITEM=32=ReviveSupply
@ITEM=33=EstablishPolicies
@ITEM=34=DoNothingPolicies
@ITEM=35=WithdrawPolicies
@ITEM=36=IncreaseTicketPrice
@ITEM=37=DoNothingTicketPrice
@ITEM=38=DecreaseTicketPrice
@ITEM=39=IncreaseFuelSupply
@ITEM=40=DoNothingFuelSupply
@ITEM=41=DecreaseFuelSupply
@ITEM=42=ReduceFuelSupply
@ITEM=43=ReviveFuelSupply
@ITEM=44=StartSanitaryCrisis
@ITEM=45=DoNothingSanitaryCrisis
@ITEM=46=EndSanitaryCrisis
@ITEM=47=IncreaseDemand
@ITEM=48=DoNothingDemand
@ITEM=49=DecreaseDemand
@ITEM=50=ReduceDemand
@ITEM=51=ReviveDemand
@ITEM=52=conflitlogique
@ITEM=53=boucle
@ITEM=54=objectif(s)atteint(s)
28 36 33 39 48 44 -1 52 -1 -2
28 36 33 39 48 45 -1 52 -1 -2
28 36 33 39 49 44 -1 52 -1 -2
28 36 33 39 49 45 -1 52 -1 -2
28 36 34 39 48 44 -1 52 -1 -2
28 36 34 39 48 45 -1 54 -1 -2
28 36 34 39 49 44 -1 52 -1 -2
28 36 34 39 49 45 -1 52 -1 -2
28 37 33 39 48 44 -1 52 -1 -2
28 37 33 39 48 45 -1 52 -1 -2
28 37 33 39 49 44 -1 52 -1 -2
28 37 33 39 49 45 -1 52 -1 -2
28 37 34 39 48 44 -1 52 -1 -2
28 37 34 39 48 45 -1 29 36 33 40 48 44 -1 52 -1 -2
28 37 34 39 48 45 -1 29 36 33 40 48 45 -1 52 -1 -2
28 37 34 39 48 45 -1 29 36 33 40 49 44 -1 52 -1 -2
28 37 34 39 48 45 -1 29 36 33 40 49 45 -1 52 -1 -2
28 37 34 39 48 45 -1 29 36 34 40 48 44 -1 52 -1 -2
28 37 34 39 48 45 -1 29 36 34 40 48 45 -1 54 -1 -2
28 37 34 39 48 45 -1 29 36 34 40 49 44 -1 52 -1 -2
28 37 34 39 48 45 -1 29 36 34 40 49 45 -1 52 -1 -2
28 37 34 39 48 45 -1 29 37 33 40 48 44 -1 52 -1 -2
28 37 34 39 48 45 -1 29 37 33 40 48 45 -1 52 -1 -2
28 37 34 39 48 45 -1 29 37 33 40 49 44 -1 52 -1 -2
28 37 34 39 48 45 -1 29 37 33 40 49 45 -1 52 -1 -2
28 37 34 39 48 45 -1 29 37 34 40 48 44 -1 52 -1 -2
28 37 34 39 48 45 -1 29 37 34 40 48 45 -1 -2
28 37 34 39 48 45 -1 29 37 34 40 49 44 -1 52 -1 -2
28 37 34 39 48 45 -1 29 37 34 40 49 45 -1 52 -1 -2
28 37 34 39 48 45 -1 31 36 33 40 48 44 -1 -2
28 37 34 39 48 45 -1 31 36 33 40 48 45 -1 -2
28 37 34 39 48 45 -1 31 36 33 40 49 44 -1 -2
28 37 34 39 48 45 -1 31 36 33 40 49 45 -1 -2
28 37 34 39 48 45 -1 31 36 34 40 48 44 -1 -2
28 37 34 39 48 45 -1 31 36 34 40 48 45 -1 -2
28 37 34 39 48 45 -1 31 36 34 40 49 44 -1 -2
28 37 34 39 48 45 -1 31 36 34 40 49 45 -1 -2
28 37 34 39 48 45 -1 31 37 33 40 48 44 -1 -2
28 37 34 39 48 45 -1 31 37 33 40 48 45 -1 -2
28 37 34 39 48 45 -1 31 37 33 40 49 44 -1 -2
28 37 34 39 48 45 -1 31 37 33 40 49 45 -1 -2
28 37 34 39 48 45 -1 31 37 34 40 48 44 -1 -2
28 37 34 39 48 45 -1 31 37 34 40 48 45 -1 -2
28 37 34 39 48 45 -1 31 37 34 40 49 44 -1 -2
28 37 34 39 48 45 -1 31 37 34 40 49 45 -1 -2
28 37 34 39 49 44 -1 52 -1 -2
28 37 34 39 49 45 -1 52 -1 -2
29 36 33 39 48 44 -1 28 37 34 40 48 45 -1 52 -1 -2
29 36 33 39 48 44 -1 28 37 34 40 48 46 -1 52 -1 -2
29 36 33 39 48 44 -1 28 37 34 40 49 45 -1 52 -1 -2
29 36 33 39 48 44 -1 28 37 34 40 49 46 -1 52 -1 -2
29 36 33 39 48 44 -1 28 37 35 40 48 45 -1 52 -1 -2
29 36 33 39 48 44 -1 28 37 35 40 48 46 -1 54 -1 -2
29 36 33 39 48 44 -1 28 37 35 40 49 45 -1 52 -1 -2
29 36 33 39 48 44 -1 28 37 35 40 49 46 -1 52 -1 -2
29 36 33 39 48 44 -1 28 38 34 40 48 45 -1 52 -1 -2
29 36 33 39 48 44 -1 28 38 34 40 48 46 -1 52 -1 -2
29 36 33 39 48 44 -1 28 38 34 40 49 45 -1 52 -1 -2
29 36 33 39 48 44 -1 28 38 34 40 49 46 -1 52 -1 -2
29 36 33 39 48 44 -1 28 38 35 40 48 45 -1 52 -1 -2
29 36 33 39 48 44 -1 28 38 35 40 48 46 -1 -2
29 36 33 39 48 44 -1 28 38 35 40 49 45 -1 52 -1 -2
29 36 33 39 48 44 -1 28 38 35 40 49 46 -1 52 -1 -2
29 36 33 39 48 44 -1 29 37 34 40 48 45 -1 -2
29 36 33 39 48 44 -1 29 37 34 40 48 46 -1 -2
29 36 33 39 48 44 -1 29 37 34 40 49 45 -1 -2
29 36 33 39 48 44 -1 29 37 34 40 49 46 -1 -2
29 36 33 39 48 44 -1 29 37 35 40 48 45 -1 -2
29 36 33 39 48 44 -1 29 37 35 40 48 46 -1 -2
29 36 33 39 48 44 -1 29 37 35 40 49 45 -1 -2
29 36 33 39 48 44 -1 29 37 35 40 49 46 -1 -2
29 36 33 39 48 44 -1 29 38 34 40 48 45 -1 -2
29 36 33 39 48 44 -1 29 38 34 40 48 46 -1 -2
29 36 33 39 48 44 -1 29 38 34 40 49 45 -1 -2
29 36 33 39 48 44 -1 29 38 34 40 49 46 -1 -2
29 36 33 39 48 44 -1 29 38 35 40 48 45 -1 -2
29 36 33 39 48 44 -1 29 38 35 40 48 46 -1 -2
29 36 33 39 48 44 -1 29 38 35 40 49 45 -1 -2
29 36 33 39 48 44 -1 29 38 35 40 49 46 -1 -2
29 36 33 39 48 44 -1 30 37 34 40 48 45 -1 -2
29 36 33 39 48 44 -1 30 37 34 40 48 46 -1 -2
29 36 33 39 48 44 -1 30 37 34 40 49 45 -1 -2
29 36 33 39 48 44 -1 30 37 34 40 49 46 -1 -2
29 36 33 39 48 44 -1 30 37 35 40 48 45 -1 -2
29 36 33 39 48 44 -1 30 37 35 40 48 46 -1 -2
29 36 33 39 48 44 -1 30 37 35 40 49 45 -1 -2
29 36 33 39 48 44 -1 30 37 35 40 49 46 -1 -2
29 36 33 39 48 44 -1 30 38 34 40 48 45 -1 52 -1 -2
29 36 33 39 48 44 -1 30 38 34 40 48 46 -1 52 -1 -2
29 36 33 39 48 44 -1 30 38 34 40 49 45 -1 52 -1 -2
29 36 33 39 48 44 -1 30 38 34 40 49 46 -1 52 -1 -2
29 36 33 39 48 44 -1 30 38 35 40 48 45 -1 52 -1 -2
29 36 33 39 48 44 -1 30 38 35 40 48 46 -1 52 -1 -2
29 36 33 39 48 44 -1 30 38 35 40 49 45 -1 52 -1 -2
29 36 33 39 48 44 -1 30 38 35 40 49 46 -1 52 -1 -2
29 36 33 39 48 45 -1 28 37 34 40 48 44 -1 52 -1 -2
29 36 33 39 48 45 -1 28 37 34 40 48 45 -1 52 -1 -2
29 36 33 39 48 45 -1 28 37 34 40 49 44 -1 52 -1 -2
29 36 33 39 48 45 -1 28 37 34 40 49 45 -1 52 -1 -2
29 36 33 39 48 45 -1 28 37 35 40 48 44 -1 52 -1 -2
29 36 33 39 48 45 -1 28 37 35 40 48 45 -1 54 -1 -2
29 36 33 39 48 45 -1 28 37 35 40 49 44 -1 52 -1 -2
29 36 33 39 48 45 -1 28 37 35 40 49 45 -1 52 -1 -2
29 36 33 39 48 45 -1 28 38 34 40 48 44 -1 52 -1 -2
29 36 33 39 48 45 -1 28 38 34 40 48 45 -1 52 -1 -2
29 36 33 39 48 45 -1 28 38 34 40 49 44 -1 52 -1 -2
29 36 33 39 48 45 -1 28 38 34 40 49 45 -1 52 -1 -2
29 36 33 39 48 45 -1 28 38 35 40 48 44 -1 52 -1 -2
29 36 33 39 48 45 -1 28 38 35 40 48 45 -1 -2
29 36 33 39 48 45 -1 28 38 35 40 49 44 -1 52 -1 -2
29 36 33 39 48 45 -1 28 38 35 40 49 45 -1 52 -1 -2
29 36 33 39 48 45 -1 29 37 34 40 48 44 -1 -2
29 36 33 39 48 45 -1 29 37 34 40 48 45 -1 -2
29 36 33 39 48 45 -1 29 37 34 40 49 44 -1 -2
29 36 33 39 48 45 -1 29 37 34 40 49 45 -1 -2
29 36 33 39 48 45 -1 29 37 35 40 48 44 -1 -2
29 36 33 39 48 45 -1 29 37 35 40 48 45 -1 -2
29 36 33 39 48 45 -1 29 37 35 40 49 44 -1 -2
29 36 33 39 48 45 -1 29 37 35 40 49 45 -1 -2
29 36 33 39 48 45 -1 29 38 34 40 48 44 -1 -2
29 36 33 39 48 45 -1 29 38 34 40 48 45 -1 -2
29 36 33 39 48 45 -1 29 38 34 40 49 44 -1 -2
29 36 33 39 48 45 -1 29 38 34 40 49 45 -1 -2
29 36 33 39 48 45 -1 29 38 35 40 48 44 -1 -2
29 36 33 39 48 45 -1 29 38 35 40 48 45 -1 -2
29 36 33 39 48 45 -1 29 38 35 40 49 44 -1 -2
29 36 33 39 48 45 -1 29 38 35 40 49 45 -1 -2
29 36 33 39 48 45 -1 30 37 34 40 48 44 -1 -2
29 36 33 39 48 45 -1 30 37 34 40 48 45 -1 -2
29 36 33 39 48 45 -1 30 37 34 40 49 44 -1 -2
29 36 33 39 48 45 -1 30 37 34 40 49 45 -1 -2
29 36 33 39 48 45 -1 30 37 35 40 48 44 -1 -2
29 36 33 39 48 45 -1 30 37 35 40 48 45 -1 -2
29 36 33 39 48 45 -1 30 37 35 40 49 44 -1 -2
29 36 33 39 48 45 -1 30 37 35 40 49 45 -1 -2
29 36 33 39 48 45 -1 30 38 34 40 48 44 -1 52 -1 -2
29 36 33 39 48 45 -1 30 38 34 40 48 45 -1 52 -1 -2
29 36 33 39 48 45 -1 30 38 34 40 49 44 -1 52 -1 -2
29 36 33 39 48 45 -1 30 38 34 40 49 45 -1 52 -1 -2
29 36 33 39 48 45 -1 30 38 35 40 48 44 -1 52 -1 -2
29 36 33 39 48 45 -1 30 38 35 40 48 45 -1 52 -1 -2
29 36 33 39 48 45 -1 30 38 35 40 49 44 -1 52 -1 -2
29 36 33 39 48 45 -1 30 38 35 40 49 45 -1 52 -1 -2
29 36 33 39 49 44 -1 28 37 34 40 48 45 -1 52 -1 -2
29 36 33 39 49 44 -1 28 37 34 40 48 46 -1 52 -1 -2
29 36 33 39 49 44 -1 28 37 34 40 51 45 -1 52 -1 -2
29 36 33 39 49 44 -1 28 37 34 40 51 46 -1 52 -1 -2
29 36 33 39 49 44 -1 28 37 35 40 48 45 -1 52 -1 -2
29 36 33 39 49 44 -1 28 37 35 40 48 46 -1 52 -1 -2
29 36 33 39 49 44 -1 28 37 35 40 51 45 -1 52 -1 -2
29 36 33 39 49 44 -1 28 37 35 40 51 46 -1 54 -1 -2
29 36 33 39 49 44 -1 28 38 34 40 48 45 -1 52 -1 -2
29 36 33 39 49 44 -1 28 38 34 40 48 46 -1 52 -1 -2
29 36 33 39 49 44 -1 28 38 34 40 51 45 -1 52 -1 -2
29 36 33 39 49 44 -1 28 38 34 40 51 46 -1 52 -1 -2
29 36 33 39 49 44 -1 28 38 35 40 48 45 -1 52 -1 -2
29 36 33 39 49 44 -1 28 38 35 40 48 46 -1 52 -1 -2
29 36 33 39 49 44 -1 28 38 35 40 51 45 -1 52 -1 -2
29 36 33 39 49 44 -1 28 38 35 40 51 46 -1 -2
29 36 33 39 49 44 -1 29 37 34 40 48 45 -1 -2
29 36 33 39 49 44 -1 29 37 34 40 48 46 -1 -2
29 36 33 39 49 44 -1 29 37 34 40 51 45 -1 -2
29 36 33 39 49 44 -1 29 37 34 40 51 46 -1 -2
29 36 33 39 49 44 -1 29 37 35 40 48 45 -1 -2
29 36 33 39 49 44 -1 29 37 35 40 48 46 -1 -2
29 36 33 39 49 44 -1 29 37 35 40 51 45 -1 -2
29 36 33 39 49 44 -1 29 37 35 40 51 46 -1 -2
29 36 33 39 49 44 -1 29 38 34 40 48 45 -1 -2
29 36 33 39 49 44 -1 29 38 34 40 48 46 -1 -2
29 36 33 39 49 44 -1 29 38 34 40 51 45 -1 -2
29 36 33 39 49 44 -1 29 38 34 40 51 46 -1 -2
29 36 33 39 49 44 -1 29 38 35 40 48 45 -1 -2
29 36 33 39 49 44 -1 29 38 35 40 48 46 -1 -2
29 36 33 39 49 44 -1 29 38 35 40 51 45 -1 -2
29 36 33 39 49 44 -1 29 38 35 40 51 46 -1 -2
29 36 33 39 49 44 -1 30 37 34 40 48 45 -1 -2
29 36 33 39 49 44 -1 30 37 34 40 48 46 -1 -2
29 36 33 39 49 44 -1 30 37 34 40 51 45 -1 -2
29 36 33 39 49 44 -1 30 37 34 40 51 46 -1 -2
29 36 33 39 49 44 -1 30 37 35 40 48 45 -1 -2
29 36 33 39 49 44 -1 30 37 35 40 48 46 -1 -2
29 36 33 39 49 44 -1 30 37 35 40 51 45 -1 -2
29 36 33 39 49 44 -1 30 37 35 40 51 46 -1 -2
29 36 33 39 49 44 -1 30 38 34 40 48 45 -1 52 -1 -2
29 36 33 39 49 44 -1 30 38 34 40 48 46 -1 52 -1 -2
29 36 33 39 49 44 -1 30 38 34 40 51 45 -1 52 -1 -2
29 36 33 39 49 44 -1 30 38 34 40 51 46 -1 52 -1 -2
29 36 33 39 49 44 -1 30 38 35 40 48 45 -1 52 -1 -2
29 36 33 39 49 44 -1 30 38 35 40 48 46 -1 52 -1 -2
29 36 33 39 49 44 -1 30 38 35 40 51 45 -1 52 -1 -2
29 36 33 39 49 44 -1 30 38 35 40 51 46 -1 52 -1 -2
29 36 33 39 49 45 -1 28 37 34 40 48 44 -1 52 -1 -2
29 36 33 39 49 45 -1 28 37 34 40 48 45 -1 52 -1 -2
29 36 33 39 49 45 -1 28 37 34 40 51 44 -1 52 -1 -2
29 36 33 39 49 45 -1 28 37 34 40 51 45 -1 52 -1 -2
29 36 33 39 49 45 -1 28 37 35 40 48 44 -1 52 -1 -2
29 36 33 39 49 45 -1 28 37 35 40 48 45 -1 52 -1 -2
29 36 33 39 49 45 -1 28 37 35 40 51 44 -1 52 -1 -2
29 36 33 39 49 45 -1 28 37 35 40 51 45 -1 54 -1 -2
29 36 33 39 49 45 -1 28 38 34 40 48 44 -1 52 -1 -2
29 36 33 39 49 45 -1 28 38 34 40 48 45 -1 52 -1 -2
29 36 33 39 49 45 -1 28 38 34 40 51 44 -1 52 -1 -2
29 36 33 39 49 45 -1 28 38 34 40 51 45 -1 52 -1 -2
29 36 33 39 49 45 -1 28 38 35 40 48 44 -1 52 -1 -2
29 36 33 39 49 45 -1 28 38 35 40 48 45 -1 52 -1 -2
29 36 33 39 49 45 -1 28 38 35 40 51 44 -1 52 -1 -2
29 36 33 39 49 45 -1 28 38 35 40 51 45 -1 -2
29 36 33 39 49 45 -1 29 37 34 40 48 44 -1 -2
29 36 33 39 49 45 -1 29 37 34 40 48 45 -1 -2
29 36 33 39 49 45 -1 29 37 34 40 51 44 -1 -2
29 36 33 39 49 45 -1 29 37 34 40 51 45 -1 -2
29 36 33 39 49 45 -1 29 37 35 40 48 44 -1 -2
29 36 33 39 49 45 -1 29 37 35 40 48 45 -1 -2
29 36 33 39 49 45 -1 29 37 35 40 51 44 -1 -2
29 36 33 39 49 45 -1 29 37 35 40 51 45 -1 -2
29 36 33 39 49 45 -1 29 38 34 40 48 44 -1 -2
29 36 33 39 49 45 -1 29 38 34 40 48 45 -1 -2
29 36 33 39 49 45 -1 29 38 34 40 51 44 -1 -2
29 36 33 39 49 45 -1 29 38 34 40 51 45 -1 -2
29 36 33 39 49 45 -1 29 38 35 40 48 44 -1 -2
29 36 33 39 49 45 -1 29 38 35 40 48 45 -1 -2
29 36 33 39 49 45 -1 29 38 35 40 51 44 -1 -2
29 36 33 39 49 45 -1 29 38 35 40 51 45 -1 -2
29 36 33 39 49 45 -1 30 37 34 40 48 44 -1 -2
29 36 33 39 49 45 -1 30 37 34 40 48 45 -1 -2
29 36 33 39 49 45 -1 30 37 34 40 51 44 -1 -2
29 36 33 39 49 45 -1 30 37 34 40 51 45 -1 -2
29 36 33 39 49 45 -1 30 37 35 40 48 44 -1 -2
29 36 33 39 49 45 -1 30 37 35 40 48 45 -1 -2
29 36 33 39 49 45 -1 30 37 35 40 51 44 -1 -2
29 36 33 39 49 45 -1 30 37 35 40 51 45 -1 -2
29 36 33 39 49 45 -1 30 38 34 40 48 44 -1 52 -1 -2
29 36 33 39 49 45 -1 30 38 34 40 48 45 -1 52 -1 -2
29 36 33 39 49 45 -1 30 38 34 40 51 44 -1 52 -1 -2
29 36 33 39 49 45 -1 30 38 34 40 51 45 -1 52 -1 -2
29 36 33 39 49 45 -1 30 38 35 40 48 44 -1 52 -1 -2
29 36 33 39 49 45 -1 30 38 35 40 48 45 -1 52 -1 -2
29 36 33 39 49 45 -1 30 38 35 40 51 44 -1 52 -1 -2
29 36 33 39 49 45 -1 30 38 35 40 51 45 -1 52 -1 -2
29 36 34 39 48 44 -1 28 37 33 40 48 45 -1 52 -1 -2
29 36 34 39 48 44 -1 28 37 33 40 48 46 -1 52 -1 -2
29 36 34 39 48 44 -1 28 37 33 40 49 45 -1 52 -1 -2
29 36 34 39 48 44 -1 28 37 33 40 49 46 -1 52 -1 -2
29 36 34 39 48 44 -1 28 37 34 40 48 45 -1 52 -1 -2
29 36 34 39 48 44 -1 28 37 34 40 48 46 -1 54 -1 -2
29 36 34 39 48 44 -1 28 37 34 40 49 45 -1 52 -1 -2
29 36 34 39 48 44 -1 28 37 34 40 49 46 -1 52 -1 -2
29 36 34 39 48 44 -1 28 38 33 40 48 45 -1 52 -1 -2
29 36 34 39 48 44 -1 28 38 33 40 48 46 -1 52 -1 -2
29 36 34 39 48 44 -1 28 38 33 40 49 45 -1 52 -1 -2
29 36 34 39 48 44 -1 28 38 33 40 49 46 -1 52 -1 -2
29 36 34 39 48 44 -1 28 38 34 40 48 45 -1 52 -1 -2
29 36 34 39 48 44 -1 28 38 34 40 48 46 -1 -2
29 36 34 39 48 44 -1 28 38 34 40 49 45 -1 52 -1 -2
29 36 34 39 48 44 -1 28 38 34 40 49 46 -1 52 -1 -2
29 36 34 39 48 44 -1 29 37 33 40 48 45 -1 -2
29 36 34 39 48 44 -1 29 37 33 40 48 46 -1 -2
29 36 34 39 48 44 -1 29 37 33 40 49 45 -1 -2
29 36 34 39 48 44 -1 29 37 33 40 49 46 -1 -2
29 36 34 39 48 44 -1 29 37 34 40 48 45 -1 -2
29 36 34 39 48 44 -1 29 37 34 40 48 46 -1 -2
29 36 34 39 48 44 -1 29 37 34 40 49 45 -1 -2
29 36 34 39 48 44 -1 29 37 34 40 49 46 -1 -2
29 36 34 39 48 44 -1 29 38 33 40 48 45 -1 -2
29 36 34 39 48 44 -1 29 38 33 40 48 46 -1 -2
29 36 34 39 48 44 -1 29 38 33 40 49 45 -1 -2
29 36 34 39 48 44 -1 29 38 33 40 49 46 -1 -2
29 36 34 39 48 44 -1 29 38 34 40 48 45 -1 -2
29 36 34 39 48 44 -1 29 38 34 40 48 46 -1 -2
29 36 34 39 48 44 -1 29 38 34 40 49 45 -1 -2
29 36 34 39 48 44 -1 29 38 34 40 49 46 -1 -2
29 36 34 39 48 44 -1 30 37 33 40 48 45 -1 -2
29 36 34 39 48 44 -1 30 37 33 40 48 46 -1 -2
29 36 34 39 48 44 -1 30 37 33 40 49 45 -1 -2
29 36 34 39 48 44 -1 30 37 33 40 49 46 -1 -2
29 36 34 39 48 44 -1 30 37 34 40 48 45 -1 -2
29 36 34 39 48 44 -1 30 37 34 40 48 46 -1 -2
29 36 34 39 48 44 -1 30 37 34 40 49 45 -1 -2
29 36 34 39 48 44 -1 30 37 34 40 49 46 -1 -2
29 36 34 39 48 44 -1 30 38 33 40 48 45 -1 52 -1 -2
29 36 34 39 48 44 -1 30 38 33 40 48 46 -1 52 -1 -2
29 36 34 39 48 44 -1 30 38 33 40 49 45 -1 52 -1 -2
29 36 34 39 48 44 -1 30 38 33 40 49 46 -1 52 -1 -2
29 36 34 39 48 44 -1 30 38 34 40 48 45 -1 52 -1 -2
29 36 34 39 48 44 -1 30 38 34 40 48 46 -1 52 -1 -2
29 36 34 39 48 44 -1 30 38 34 40 49 45 -1 52 -1 -2
29 36 34 39 48 44 -1 30 38 34 40 49 46 -1 52 -1 -2
29 36 34 39 48 45 -1 28 37 33 40 48 44 -1 52 -1 -2
29 36 34 39 48 45 -1 28 37 33 40 48 45 -1 52 -1 -2
29 36 34 39 48 45 -1 28 37 33 40 49 44 -1 52 -1 -2
29 36 34 39 48 45 -1 28 37 33 40 49 45 -1 52 -1 -2
29 36 34 39 48 45 -1 28 37 34 40 48 44 -1 52 -1 -2
29 36 34 39 48 45 -1 28 37 34 40 48 45 -1 54 -1 -2
29 36 34 39 48 45 -1 28 37 34 40 49 44 -1 52 -1 -2
29 36 34 39 48 45 -1 28 37 34 40 49 45 -1 52 -1 -2
29 36 34 39 48 45 -1 28 38 33 40 48 44 -1 52 -1 -2
29 36 34 39 48 45 -1 28 38 33 40 48 45 -1 52 -1 -2
29 36 34 39 48 45 -1 28 38 33 40 49 44 -1 52 -1 -2
29 36 34 39 48 45 -1 28 38 33 40 49 45 -1 52 -1 -2
29 36 34 39 48 45 -1 28 38 34 40 48 44 -1 52 -1 -2
29 36 34 39 48 45 -1 28 38 34 40 48 45 -1 -2
29 36 34 39 48 45 -1 28 38 34 40 49 44 -1 52 -1 -2
29 36 34 39 48 45 -1 28 38 34 40 49 45 -1 52 -1 -2
29 36 34 39 48 45 -1 29 37 33 40 48 44 -1 -2
29 36 34 39 48 45 -1 29 37 33 40 48 45 -1 -2
29 36 34 39 48 45 -1 29 37 33 40 49 44 -1 -2
29 36 34 39 48 45 -1 29 37 33 40 49 45 -1 -2
29 36 34 39 48 45 -1 29 37 34 40 48 44 -1 -2
29 36 34 39 48 45 -1 29 37 34 40 48 45 -1 -2
29 36 34 39 48 45 -1 29 37 34 40 49 44 -1 -2
29 36 34 39 48 45 -1 29 37 34 40 49 45 -1 -2
29 36 34 39 48 45 -1 29 38 33 40 48 44 -1 -2
29 36 34 39 48 45 -1 29 38 33 40 48 45 -1 -2
29 36 34 39 48 45 -1 29 38 33 40 49 44 -1 -2
29 36 34 39 48 45 -1 29 38 33 40 49 45 -1 -2
29 36 34 39 48 45 -1 29 38 34 40 48 44 -1 -2
29 36 34 39 48 45 -1 29 38 34 40 48 45 -1 -2
29 36 34 39 48 45 -1 29 38 34 40 49 44 -1 -2
29 36 34 39 48 45 -1 29 38 34 40 49 45 -1 -2
29 36 34 39 48 45 -1 30 37 33 40 48 44 -1 -2
29 36 34 39 48 45 -1 30 37 33 40 48 45 -1 -2
29 36 34 39 48 45 -1 30 37 33 40 49 44 -1 -2
29 36 34 39 48 45 -1 30 37 33 40 49 45 -1 -2
29 36 34 39 48 45 -1 30 37 34 40 48 44 -1 -2
29 36 34 39 48 45 -1 30 37 34 40 48 45 -1 -2
29 36 34 39 48 45 -1 30 37 34 40 49 44 -1 -2
29 36 34 39 48 45 -1 30 37 34 40 49 45 -1 -2
29 36 34 39 48 45 -1 30 38 33 40 48 44 -1 52 -1 -2
29 36 34 39 48 45 -1 30 38 33 40 48 45 -1 52 -1 -2
29 36 34 39 48 45 -1 30 38 33 40 49 44 -1 52 -1 -2
29 36 34 39 48 45 -1 30 38 33 40 49 45 -1 52 -1 -2
29 36 34 39 48 45 -1 30 38 34 40 48 44 -1 52 -1 -2
29 36 34 39 48 45 -1 30 38 34 40 48 45 -1 52 -1 -2
29 36 34 39 48 45 -1 30 38 34 40 49 44 -1 52 -1 -2
29 36 34 39 48 45 -1 30 38 34 40 49 45 -1 52 -1 -2
29 36 34 39 49 44 -1 28 37 33 40 48 45 -1 52 -1 -2
29 36 34 39 49 44 -1 28 37 33 40 48 46 -1 52 -1 -2
29 36 34 39 49 44 -1 28 37 33 40 51 45 -1 52 -1 -2
29 36 34 39 49 44 -1 28 37 33 40 51 46 -1 52 -1 -2
29 36 34 39 49 44 -1 28 37 34 40 48 45 -1 52 -1 -2
29 36 34 39 49 44 -1 28 37 34 40 48 46 -1 52 -1 -2
29 36 34 39 49 44 -1 28 37 34 40 51 45 -1 52 -1 -2
29 36 34 39 49 44 -1 28 37 34 40 51 46 -1 54 -1 -2
29 36 34 39 49 44 -1 28 38 33 40 48 45 -1 52 -1 -2
29 36 34 39 49 44 -1 28 38 33 40 48 46 -1 52 -1 -2
29 36 34 39 49 44 -1 28 38 33 40 51 45 -1 52 -1 -2
29 36 34 39 49 44 -1 28 38 33 40 51 46 -1 52 -1 -2
29 36 34 39 49 44 -1 28 38 34 40 48 45 -1 52 -1 -2
29 36 34 39 49 44 -1 28 38 34 40 48 46 -1 52 -1 -2
29 36 34 39 49 44 -1 28 38 34 40 51 45 -1 52 -1 -2
29 36 34 39 49 44 -1 28 38 34 40 51 46 -1 -2
29 36 34 39 49 44 -1 29 37 33 40 48 45 -1 -2
29 36 34 39 49 44 -1 29 37 33 40 48 46 -1 -2
29 36 34 39 49 44 -1 29 37 33 40 51 45 -1 -2
29 36 34 39 49 44 -1 29 37 33 40 51 46 -1 -2
29 36 34 39 49 44 -1 29 37 34 40 48 45 -1 -2
29 36 34 39 49 44 -1 29 37 34 40 48 46 -1 -2
29 36 34 39 49 44 -1 29 37 34 40 51 45 -1 -2
29 36 34 39 49 44 -1 29 37 34 40 51 46 -1 -2
29 36 34 39 49 44 -1 29 38 33 40 48 45 -1 -2
29 36 34 39 49 44 -1 29 38 33 40 48 46 -1 -2
29 36 34 39 49 44 -1 29 38 33 40 51 45 -1 -2
29 36 34 39 49 44 -1 29 38 33 40 51 46 -1 -2
29 36 34 39 49 44 -1 29 38 34 40 48 45 -1 -2
29 36 34 39 49 44 -1 29 38 34 40 48 46 -1 -2
29 36 34 39 49 44 -1 29 38 34 40 51 45 -1 -2
29 36 34 39 49 44 -1 29 38 34 40 51 46 -1 -2
29 36 34 39 49 44 -1 30 37 33 40 48 45 -1 -2
29 36 34 39 49 44 -1 30 37 33 40 48 46 -1 -2
29 36 34 39 49 44 -1 30 37 33 40 51 45 -1 -2
29 36 34 39 49 44 -1 30 37 33 40 51 46 -1 -2
29 36 34 39 49 44 -1 30 37 34 40 48 45 -1 -2
29 36 34 39 49 44 -1 30 37 34 40 48 46 -1 -2
29 36 34 39 49 44 -1 30 37 34 40 51 45 -1 -2
29 36 34 39 49 44 -1 30 37 34 40 51 46 -1 -2
29 36 34 39 49 44 -1 30 38 33 40 48 45 -1 52 -1 -2
29 36 34 39 49 44 -1 30 38 33 40 48 46 -1 52 -1 -2
29 36 34 39 49 44 -1 30 38 33 40 51 45 -1 52 -1 -2
29 36 34 39 49 44 -1 30 38 33 40 51 46 -1 52 -1 -2
29 36 34 39 49 44 -1 30 38 34 40 48 45 -1 52 -1 -2
29 36 34 39 49 44 -1 30 38 34 40 48 46 -1 52 -1 -2
29 36 34 39 49 44 -1 30 38 34 40 51 45 -1 52 -1 -2
29 36 34 39 49 44 -1 30 38 34 40 51 46 -1 52 -1 -2
29 36 34 39 49 45 -1 28 37 33 40 48 44 -1 52 -1 -2
29 36 34 39 49 45 -1 28 37 33 40 48 45 -1 52 -1 -2
29 36 34 39 49 45 -1 28 37 33 40 51 44 -1 52 -1 -2
29 36 34 39 49 45 -1 28 37 33 40 51 45 -1 52 -1 -2
29 36 34 39 49 45 -1 28 37 34 40 48 44 -1 52 -1 -2
29 36 34 39 49 45 -1 28 37 34 40 48 45 -1 52 -1 -2
29 36 34 39 49 45 -1 28 37 34 40 51 44 -1 52 -1 -2
29 36 34 39 49 45 -1 28 37 34 40 51 45 -1 54 -1 -2
29 36 34 39 49 45 -1 28 38 33 40 48 44 -1 52 -1 -2
29 36 34 39 49 45 -1 28 38 33 40 48 45 -1 52 -1 -2
29 36 34 39 49 45 -1 28 38 33 40 51 44 -1 52 -1 -2
29 36 34 39 49 45 -1 28 38 33 40 51 45 -1 52 -1 -2
29 36 34 39 49 45 -1 28 38 34 40 48 44 -1 52 -1 -2
29 36 34 39 49 45 -1 28 38 34 40 48 45 -1 52 -1 -2
29 36 34 39 49 45 -1 28 38 34 40 51 44 -1 52 -1 -2
29 36 34 39 49 45 -1 28 38 34 40 51 45 -1 -2
29 36 34 39 49 45 -1 29 37 33 40 48 44 -1 -2
29 36 34 39 49 45 -1 29 37 33 40 48 45 -1 -2
29 36 34 39 49 45 -1 29 37 33 40 51 44 -1 -2
29 36 34 39 49 45 -1 29 37 33 40 51 45 -1 -2
29 36 34 39 49 45 -1 29 37 34 40 48 44 -1 -2
29 36 34 39 49 45 -1 29 37 34 40 48 45 -1 -2
29 36 34 39 49 45 -1 29 37 34 40 51 44 -1 -2
29 36 34 39 49 45 -1 29 37 34 40 51 45 -1 -2
29 36 34 39 49 45 -1 29 38 33 40 48 44 -1 -2
29 36 34 39 49 45 -1 29 38 33 40 48 45 -1 -2
29 36 34 39 49 45 -1 29 38 33 40 51 44 -1 -2
29 36 34 39 49 45 -1 29 38 33 40 51 45 -1 -2
29 36 34 39 49 45 -1 29 38 34 40 48 44 -1 -2
29 36 34 39 49 45 -1 29 38 34 40 48 45 -1 -2
29 36 34 39 49 45 -1 29 38 34 40 51 44 -1 -2
29 36 34 39 49 45 -1 29 38 34 40 51 45 -1 -2
29 36 34 39 49 45 -1 30 37 33 40 48 44 -1 -2
29 36 34 39 49 45 -1 30 37 33 40 48 45 -1 -2
29 36 34 39 49 45 -1 30 37 33 40 51 44 -1 -2
29 36 34 39 49 45 -1 30 37 33 40 51 45 -1 -2
29 36 34 39 49 45 -1 30 37 34 40 48 44 -1 -2
29 36 34 39 49 45 -1 30 37 34 40 48 45 -1 -2
29 36 34 39 49 45 -1 30 37 34 40 51 44 -1 -2
29 36 34 39 49 45 -1 30 37 34 40 51 45 -1 -2
29 36 34 39 49 45 -1 30 38 33 40 48 44 -1 52 -1 -2
29 36 34 39 49 45 -1 30 38 33 40 48 45 -1 52 -1 -2
29 36 34 39 49 45 -1 30 38 33 40 51 44 -1 52 -1 -2
29 36 34 39 49 45 -1 30 38 33 40 51 45 -1 52 -1 -2
29 36 34 39 49 45 -1 30 38 34 40 48 44 -1 52 -1 -2
29 36 34 39 49 45 -1 30 38 34 40 48 45 -1 52 -1 -2
29 36 34 39 49 45 -1 30 38 34 40 51 44 -1 52 -1 -2
29 36 34 39 49 45 -1 30 38 34 40 51 45 -1 52 -1 -2
29 37 33 39 48 44 -1 28 36 34 40 48 45 -1 52 -1 -2
29 37 33 39 48 44 -1 28 36 34 40 48 46 -1 52 -1 -2
29 37 33 39 48 44 -1 28 36 34 40 49 45 -1 52 -1 -2
29 37 33 39 48 44 -1 28 36 34 40 49 46 -1 52 -1 -2
29 37 33 39 48 44 -1 28 36 35 40 48 45 -1 52 -1 -2
29 37 33 39 48 44 -1 28 36 35 40 48 46 -1 54 -1 -2
29 37 33 39 48 44 -1 28 36 35 40 49 45 -1 52 -1 -2
29 37 33 39 48 44 -1 28 36 35 40 49 46 -1 52 -1 -2
29 37 33 39 48 44 -1 28 37 34 40 48 45 -1 52 -1 -2
29 37 33 39 48 44 -1 28 37 34 40 48 46 -1 52 -1 -2
29 37 33 39 48 44 -1 28 37 34 40 49 45 -1 52 -1 -2
29 37 33 39 48 44 -1 28 37 34 40 49 46 -1 52 -1 -2
29 37 33 39 48 44 -1 28 37 35 40 48 45 -1 52 -1 -2
29 37 33 39 48 44 -1 28 37 35 40 48 46 -1 -2
29 37 33 39 48 44 -1 28 37 35 40 49 45 -1 52 -1 -2
29 37 33 39 48 44 -1 28 37 35 40 49 46 -1 52 -1 -2
29 37 33 39 48 44 -1 29 36 34 40 48 45 -1 -2
29 37 33 39 48 44 -1 29 36 34 40 48 46 -1 -2
29 37 33 39 48 44 -1 29 36 34 40 49 45 -1 -2
29 37 33 39 48 44 -1 29 36 34 40 49 46 -1 -2
29 37 33 39 48 44 -1 29 36 35 40 48 45 -1 -2
29 37 33 39 48 44 -1 29 36 35 40 48 46 -1 -2
29 37 33 39 48 44 -1 29 36 35 40 49 45 -1 -2
29 37 33 39 48 44 -1 29 36 35 40 49 46 -1 -2
29 37 33 39 48 44 -1 29 37 34 40 48 45 -1 -2
29 37 33 39 48 44 -1 29 37 34 40 48 46 -1 -2
29 37 33 39 48 44 -1 29 37 34 40 49 45 -1 -2
29 37 33 39 48 44 -1 29 37 34 40 49 46 -1 -2
29 37 33 39 48 44 -1 29 37 35 40 48 45 -1 -2
29 37 33 39 48 44 -1 29 37 35 40 48 46 -1 -2
29 37 33 39 48 44 -1 29 37 35 40 49 45 -1 -2
29 37 33 39 48 44 -1 29 37 35 40 49 46 -1 -2
29 37 33 39 48 44 -1 30 36 34 40 48 45 -1 -2
29 37 33 39 48 44 -1 30 36 34 40 48 46 -1 -2
29 37 33 39 48 44 -1 30 36 34 40 49 45 -1 -2
29 37 33 39 48 44 -1 30 36 34 40 49 46 -1 -2
29 37 33 39 48 44 -1 30 36 35 40 48 45 -1 -2
29 37 33 39 48 44 -1 30 36 35 40 48 46 -1 -2
29 37 33 39 48 44 -1 30 36 35 40 49 45 -1 -2
29 37 33 39 48 44 -1 30 36 35 40 49 46 -1 -2
29 37 33 39 48 44 -1 30 37 34 40 48 45 -1 52 -1 -2
29 37 33 39 48 44 -1 30 37 34 40 48 46 -1 52 -1 -2
29 37 33 39 48 44 -1 30 37 34 40 49 45 -1 52 -1 -2
29 37 33 39 48 44 -1 30 37 34 40 49 46 -1 52 -1 -2
29 37 33 39 48 44 -1 30 37 35 40 48 45 -1 52 -1 -2
29 37 33 39 48 44 -1 30 37 35 40 48 46 -1 52 -1 -2
29 37 33 39 48 44 -1 30 37 35 40 49 45 -1 52 -1 -2
29 37 33 39 48 44 -1 30 37 35 40 49 46 -1 52 -1 -2
29 37 33 39 48 45 -1 28 36 34 40 48 44 -1 52 -1 -2
29 37 33 39 48 45 -1 28 36 34 40 48 45 -1 52 -1 -2
29 37 33 39 48 45 -1 28 36 34 40 49 44 -1 52 -1 -2
29 37 33 39 48 45 -1 28 36 34 40 49 45 -1 52 -1 -2
29 37 33 39 48 45 -1 28 36 35 40 48 44 -1 52 -1 -2
29 37 33 39 48 45 -1 28 36 35 40 48 45 -1 54 -1 -2
29 37 33 39 48 45 -1 28 36 35 40 49 44 -1 52 -1 -2
29 37 33 39 48 45 -1 28 36 35 40 49 45 -1 52 -1 -2
29 37 33 39 48 45 -1 28 37 34 40 48 44 -1 52 -1 -2
29 37 33 39 48 45 -1 28 37 34 40 48 45 -1 52 -1 -2
29 37 33 39 48 45 -1 28 37 34 40 49 44 -1 52 -1 -2
29 37 33 39 48 45 -1 28 37 34 40 49 45 -1 52 -1 -2
29 37 33 39 48 45 -1 28 37 35 40 48 44 -1 52 -1 -2
29 37 33 39 48 45 -1 28 37 35 40 48 45 -1 -2
29 37 33 39 48 45 -1 28 37 35 40 49 44 -1 52 -1 -2
29 37 33 39 48 45 -1 28 37 35 40 49 45 -1 52 -1 -2
29 37 33 39 48 45 -1 29 36 34 40 48 44 -1 -2
29 37 33 39 48 45 -1 29 36 34 40 48 45 -1 -2
29 37 33 39 48 45 -1 29 36 34 40 49 44 -1 -2
29 37 33 39 48 45 -1 29 36 34 40 49 45 -1 -2
29 37 33 39 48 45 -1 29 36 35 40 48 44 -1 -2
29 37 33 39 48 45 -1 29 36 35 40 48 45 -1 -2
29 37 33 39 48 45 -1 29 36 35 40 49 44 -1 -2
29 37 33 39 48 45 -1 29 36 35 40 49 45 -1 -2
29 37 33 39 48 45 -1 29 37 34 40 48 44 -1 -2
29 37 33 39 48 45 -1 29 37 34 40 48 45 -1 -2
29 37 33 39 48 45 -1 29 37 34 40 49 44 -1 -2
29 37 33 39 48 45 -1 29 37 34 40 49 45 -1 -2
29 37 33 39 48 45 -1 29 37 35 40 48 44 -1 -2
29 37 33 39 48 45 -1 29 37 35 40 48 45 -1 -2
29 37 33 39 48 45 -1 29 37 35 40 49 44 -1 -2
29 37 33 39 48 45 -1 29 37 35 40 49 45 -1 -2
29 37 33 39 48 45 -1 30 36 34 40 48 44 -1 -2
29 37 33 39 48 45 -1 30 36 34 40 48 45 -1 -2
29 37 33 39 48 45 -1 30 36 34 40 49 44 -1 -2
29 37 33 39 48 45 -1 30 36 34 40 49 45 -1 -2
29 37 33 39 48 45 -1 30 36 35 40 48 44 -1 -2
29 37 33 39 48 45 -1 30 36 35 40 48 45 -1 -2
29 37 33 39 48 45 -1 30 36 35 40 49 44 -1 -2
29 37 33 39 48 45 -1 30 36 35 40 49 45 -1 -2
29 37 33 39 48 45 -1 30 37 34 40 48 44 -1 52 -1 -2
29 37 33 39 48 45 -1 30 37 34 40 48 45 -1 52 -1 -2
29 37 33 39 48 45 -1 30 37 34 40 49 44 -1 52 -1 -2
29 37 33 39 48 45 -1 30 37 34 40 49 45 -1 52 -1 -2
29 37 33 39 48 45 -1 30 37 35 40 48 44 -1 52 -1 -2
29 37 33 39 48 45 -1 30 37 35 40 48 45 -1 52 -1 -2
29 37 33 39 48 45 -1 30 37 35 40 49 44 -1 52 -1 -2
29 37 33 39 48 45 -1 30 37 35 40 49 45 -1 52 -1 -2
29 37 33 39 49 44 -1 28 36 34 40 48 45 -1 52 -1 -2
29 37 33 39 49 44 -1 28 36 34 40 48 46 -1 52 -1 -2
29 37 33 39 49 44 -1 28 36 34 40 51 45 -1 52 -1 -2
29 37 33 39 49 44 -1 28 36 34 40 51 46 -1 52 -1 -2
29 37 33 39 49 44 -1 28 36 35 40 48 45 -1 52 -1 -2
29 37 33 39 49 44 -1 28 36 35 40 48 46 -1 52 -1 -2
29 37 33 39 49 44 -1 28 36 35 40 51 45 -1 52 -1 -2
29 37 33 39 49 44 -1 28 36 35 40 51 46 -1 54 -1 -2
29 37 33 39 49 44 -1 28 37 34 40 48 45 -1 52 -1 -2
29 37 33 39 49 44 -1 28 37 34 40 48 46 -1 52 -1 -2
29 37 33 39 49 44 -1 28 37 34 40 51 45 -1 52 -1 -2
29 37 33 39 49 44 -1 28 37 34 40 51 46 -1 52 -1 -2
29 37 33 39 49 44 -1 28 37 35 40 48 45 -1 52 -1 -2
29 37 33 39 49 44 -1 28 37 35 40 48 46 -1 52 -1 -2
29 37 33 39 49 44 -1 28 37 35 40 51 45 -1 52 -1 -2
29 37 33 39 49 44 -1 28 37 35 40 51 46 -1 -2
29 37 33 39 49 44 -1 29 36 34 40 48 45 -1 -2
29 37 33 39 49 44 -1 29 36 34 40 48 46 -1 -2
29 37 33 39 49 44 -1 29 36 34 40 51 45 -1 -2
29 37 33 39 49 44 -1 29 36 34 40 51 46 -1 -2
29 37 33 39 49 44 -1 29 36 35 40 48 45 -1 -2
29 37 33 39 49 44 -1 29 36 35 40 48 46 -1 -2
29 37 33 39 49 44 -1 29 36 35 40 51 45 -1 -2
29 37 33 39 49 44 -1 29 36 35 40 51 46 -1 -2
29 37 33 39 49 44 -1 29 37 34 40 48 45 -1 -2
29 37 33 39 49 44 -1 29 37 34 40 48 46 -1 -2
29 37 33 39 49 44 -1 29 37 34 40 51 45 -1 -2
29 37 33 39 49 44 -1 29 37 34 40 51 46 -1 -2
29 37 33 39 49 44 -1 29 37 35 40 48 45 -1 -2
29 37 33 39 49 44 -1 29 37 35 40 48 46 -1 -2
29 37 33 39 49 44 -1 29 37 35 40 51 45 -1 -2
29 37 33 39 49 44 -1 29 37 35 40 51 46 -1 -2
29 37 33 39 49 44 -1 30 36 34 40 48 45 -1 -2
29 37 33 39 49 44 -1 30 36 34 40 48 46 -1 -2
29 37 33 39 49 44 -1 30 36 34 40 51 45 -1 -2
29 37 33 39 49 44 -1 30 36 34 40 51 46 -1 -2
29 37 33 39 49 44 -1 30 36 35 40 48 45 -1 -2
29 37 33 39 49 44 -1 30 36 35 40 48 46 -1 -2
29 37 33 39 49 44 -1 30 36 35 40 51 45 -1 -2
29 37 33 39 49 44 -1 30 36 35 40 51 46 -1 -2
29 37 33 39 49 44 -1 30 37 34 40 48 45 -1 52 -1 -2
29 37 33 39 49 44 -1 30 37 34 40 48 46 -1 52 -1 -2
29 37 33 39 49 44 -1 30 37 34 40 51 45 -1 52 -1 -2
29 37 33 39 49 44 -1 30 37 34 40 51 46 -1 52 -1 -2
29 37 33 39 49 44 -1 30 37 35 40 48 45 -1 52 -1 -2
29 37 33 39 49 44 -1 30 37 35 40 48 46 -1 52 -1 -2
29 37 33 39 49 44 -1 30 37 35 40 51 45 -1 52 -1 -2
29 37 33 39 49 44 -1 30 37 35 40 51 46 -1 52 -1 -2
29 37 33 39 49 45 -1 28 36 34 40 48 44 -1 52 -1 -2
29 37 33 39 49 45 -1 28 36 34 40 48 45 -1 52 -1 -2
29 37 33 39 49 45 -1 28 36 34 40 51 44 -1 52 -1 -2
29 37 33 39 49 45 -1 28 36 34 40 51 45 -1 52 -1 -2
29 37 33 39 49 45 -1 28 36 35 40 48 44 -1 52 -1 -2
29 37 33 39 49 45 -1 28 36 35 40 48 45 -1 52 -1 -2
29 37 33 39 49 45 -1 28 36 35 40 51 44 -1 52 -1 -2
29 37 33 39 49 45 -1 28 36 35 40 51 45 -1 54 -1 -2
29 37 33 39 49 45 -1 28 37 34 40 48 44 -1 52 -1 -2
29 37 33 39 49 45 -1 28 37 34 40 48 45 -1 52 -1 -2
29 37 33 39 49 45 -1 28 37 34 40 51 44 -1 52 -1 -2
29 37 33 39 49 45 -1 28 37 34 40 51 45 -1 52 -1 -2
29 37 33 39 49 45 -1 28 37 35 40 48 44 -1 52 -1 -2
29 37 33 39 49 45 -1 28 37 35 40 48 45 -1 52 -1 -2
29 37 33 39 49 45 -1 28 37 35 40 51 44 -1 52 -1 -2
29 37 33 39 49 45 -1 28 37 35 40 51 45 -1 -2
29 37 33 39 49 45 -1 29 36 34 40 48 44 -1 -2
29 37 33 39 49 45 -1 29 36 34 40 48 45 -1 -2
29 37 33 39 49 45 -1 29 36 34 40 51 44 -1 -2
29 37 33 39 49 45 -1 29 36 34 40 51 45 -1 -2
29 37 33 39 49 45 -1 29 36 35 40 48 44 -1 -2
29 37 33 39 49 45 -1 29 36 35 40 48 45 -1 -2
29 37 33 39 49 45 -1 29 36 35 40 51 44 -1 -2
29 37 33 39 49 45 -1 29 36 35 40 51 45 -1 -2
29 37 33 39 49 45 -1 29 37 34 40 48 44 -1 -2
29 37 33 39 49 45 -1 29 37 34 40 48 45 -1 -2
29 37 33 39 49 45 -1 29 37 34 40 51 44 -1 -2
29 37 33 39 49 45 -1 29 37 34 40 51 45 -1 -2
29 37 33 39 49 45 -1 29 37 35 40 48 44 -1 -2
29 37 33 39 49 45 -1 29 37 35 40 48 45 -1 -2
29 37 33 39 49 45 -1 29 37 35 40 51 44 -1 -2
29 37 33 39 49 45 -1 29 37 35 40 51 45 -1 -2
29 37 33 39 49 45 -1 30 36 34 40 48 44 -1 -2
29 37 33 39 49 45 -1 30 36 34 40 48 45 -1 -2
29 37 33 39 49 45 -1 30 36 34 40 51 44 -1 -2
29 37 33 39 49 45 -1 30 36 34 40 51 45 -1 -2
29 37 33 39 49 45 -1 30 36 35 40 48 44 -1 -2
29 37 33 39 49 45 -1 30 36 35 40 48 45 -1 -2
29 37 33 39 49 45 -1 30 36 35 40 51 44 -1 -2
29 37 33 39 49 45 -1 30 36 35 40 51 45 -1 -2
29 37 33 39 49 45 -1 30 37 34 40 48 44 -1 52 -1 -2
29 37 33 39 49 45 -1 30 37 34 40 48 45 -1 52 -1 -2
29 37 33 39 49 45 -1 30 37 34 40 51 44 -1 52 -1 -2
29 37 33 39 49 45 -1 30 37 34 40 51 45 -1 52 -1 -2
29 37 33 39 49 45 -1 30 37 35 40 48 44 -1 52 -1 -2
29 37 33 39 49 45 -1 30 37 35 40 48 45 -1 52 -1 -2
29 37 33 39 49 45 -1 30 37 35 40 51 44 -1 52 -1 -2
29 37 33 39 49 45 -1 30 37 35 40 51 45 -1 52 -1 -2
29 37 34 39 48 44 -1 28 36 33 40 48 45 -1 52 -1 -2
29 37 34 39 48 44 -1 28 36 33 40 48 46 -1 52 -1 -2
29 37 34 39 48 44 -1 28 36 33 40 49 45 -1 52 -1 -2
29 37 34 39 48 44 -1 28 36 33 40 49 46 -1 52 -1 -2
29 37 34 39 48 44 -1 28 36 34 40 48 45 -1 52 -1 -2
29 37 34 39 48 44 -1 28 36 34 40 48 46 -1 54 -1 -2
29 37 34 39 48 44 -1 28 36 34 40 49 45 -1 52 -1 -2
29 37 34 39 48 44 -1 28 36 34 40 49 46 -1 52 -1 -2
29 37 34 39 48 44 -1 28 37 33 40 48 45 -1 52 -1 -2
29 37 34 39 48 44 -1 28 37 33 40 48 46 -1 52 -1 -2
29 37 34 39 48 44 -1 28 37 33 40 49 45 -1 52 -1 -2
29 37 34 39 48 44 -1 28 37 33 40 49 46 -1 52 -1 -2
29 37 34 39 48 44 -1 28 37 34 40 48 45 -1 52 -1 -2
29 37 34 39 48 44 -1 28 37 34 40 48 46 -1 -2
29 37 34 39 48 44 -1 28 37 34 40 49 45 -1 52 -1 -2
29 37 34 39 48 44 -1 28 37 34 40 49 46 -1 52 -1 -2
29 37 34 39 48 44 -1 29 36 33 40 48 45 -1 -2
29 37 34 39 48 44 -1 29 36 33 40 48 46 -1 -2
29 37 34 39 48 44 -1 29 36 33 40 49 45 -1 -2
29 37 34 39 48 44 -1 29 36 33 40 49 46 -1 -2
29 37 34 39 48 44 -1 29 36 34 40 48 45 -1 -2
29 37 34 39 48 44 -1 29 36 34 40 48 46 -1 -2
29 37 34 39 48 44 -1 29 36 34 40 49 45 -1 -2
29 37 34 39 48 44 -1 29 36 34 40 49 46 -1 -2
29 37 34 39 48 44 -1 29 37 33 40 48 45 -1 -2
29 37 34 39 48 44 -1 29 37 33 40 48 46 -1 -2
29 37 34 39 48 44 -1 29 37 33 40 49 45 -1 -2
29 37 34 39 48 44 -1 29 37 33 40 49 46 -1 -2
29 37 34 39 48 44 -1 29 37 34 40 48 45 -1 -2
29 37 34 39 48 44 -1 29 37 34 40 48 46 -1 -2
29 37 34 39 48 44 -1 29 37 34 40 49 45 -1 -2
29 37 34 39 48 44 -1 29 37 34 40 49 46 -1 -2
29 37 34 39 48 44 -1 30 36 33 40 48 45 -1 -2
29 37 34 39 48 44 -1 30 36 33 40 48 46 -1 -2
29 37 34 39 48 44 -1 30 36 33 40 49 45 -1 -2
29 37 34 39 48 44 -1 30 36 33 40 49 46 -1 -2
29 37 34 39 48 44 -1 30 36 34 40 48 45 -1 -2
29 37 34 39 48 44 -1 30 36 34 40 48 46 -1 -2
29 37 34 39 48 44 -1 30 36 34 40 49 45 -1 -2
29 37 34 39 48 44 -1 30 36 34 40 49 46 -1 -2
29 37 34 39 48 44 -1 30 37 33 40 48 45 -1 52 -1 -2
29 37 34 39 48 44 -1 30 37 33 40 48 46 -1 52 -1 -2
29 37 34 39 48 44 -1 30 37 33 40 49 45 -1 52 -1 -2
29 37 34 39 48 44 -1 30 37 33 40 49 46 -1 52 -1 -2
29 37 34 39 48 44 -1 30 37 34 40 48 45 -1 52 -1 -2
29 37 34 39 48 44 -1 30 37 34 40 48 46 -1 52 -1 -2
29 37 34 39 48 44 -1 30 37 34 40 49 45 -1 52 -1 -2
29 37 34 39 48 44 -1 30 37 34 40 49 46 -1 52 -1 -2
29 37 34 39 48 45 -1 28 36 33 40 48 44 -1 52 -1 -2
29 37 34 39 48 45 -1 28 36 33 40 48 45 -1 52 -1 -2
29 37 34 39 48 45 -1 28 36 33 40 49 44 -1 52 -1 -2
29 37 34 39 48 45 -1 28 36 33 40 49 45 -1 52 -1 -2
29 37 34 39 48 45 -1 28 36 34 40 48 44 -1 52 -1 -2
29 37 34 39 48 45 -1 28 36 34 40 48 45 -1 54 -1 -2
29 37 34 39 48 45 -1 28 36 34 40 49 44 -1 52 -1 -2
29 37 34 39 48 45 -1 28 36 34 40 49 45 -1 52 -1 -2
29 37 34 39 48 45 -1 28 37 33 40 48 44 -1 52 -1 -2
29 37 34 39 48 45 -1 28 37 33 40 48 45 -1 52 -1 -2
29 37 34 39 48 45 -1 28 37 33 40 49 44 -1 52 -1 -2
29 37 34 39 48 45 -1 28 37 33 40 49 45 -1 52 -1 -2
29 37 34 39 48 45 -1 28 37 34 40 48 44 -1 52 -1 -2
29 37 34 39 48 45 -1 28 37 34 40 48 45 -1 -2
29 37 34 39 48 45 -1 28 37 34 40 49 44 -1 52 -1 -2
29 37 34 39 48 45 -1 28 37 34 40 49 45 -1 52 -1 -2
29 37 34 39 48 45 -1 29 36 33 40 48 44 -1 -2
29 37 34 39 48 45 -1 29 36 33 40 48 45 -1 -2
29 37 34 39 48 45 -1 29 36 33 40 49 44 -1 -2
29 37 34 39 48 45 -1 29 36 33 40 49 45 -1 -2
29 37 34 39 48 45 -1 29 36 34 40 48 44 -1 -2
29 37 34 39 48 45 -1 29 36 34 40 48 45 -1 -2
29 37 34 39 48 45 -1 29 36 34 40 49 44 -1 -2
29 37 34 39 48 45 -1 29 36 34 40 49 45 -1 -2
29 37 34 39 48 45 -1 29 37 33 40 48 44 -1 -2
29 37 34 39 48 45 -1 29 37 33 40 48 45 -1 -2
29 37 34 39 48 45 -1 29 37 33 40 49 44 -1 -2
29 37 34 39 48 45 -1 29 37 33 40 49 45 -1 -2
29 37 34 39 48 45 -1 29 37 34 40 48 44 -1 -2
29 37 34 39 48 45 -1 29 37 34 40 48 45 -1 -2
29 37 34 39 48 45 -1 29 37 34 40 49 44 -1 -2
29 37 34 39 48 45 -1 29 37 34 40 49 45 -1 -2
29 37 34 39 48 45 -1 30 36 33 40 48 44 -1 -2
29 37 34 39 48 45 -1 30 36 33 40 48 45 -1 -2
29 37 34 39 48 45 -1 30 36 33 40 49 44 -1 -2
29 37 34 39 48 45 -1 30 36 33 40 49 45 -1 -2
29 37 34 39 48 45 -1 30 36 34 40 48 44 -1 -2
29 37 34 39 48 45 -1 30 36 34 40 48 45 -1 -2
29 37 34 39 48 45 -1 30 36 34 40 49 44 -1 -2
29 37 34 39 48 45 -1 30 36 34 40 49 45 -1 -2
29 37 34 39 48 45 -1 30 37 33 40 48 44 -1 52 -1 -2
29 37 34 39 48 45 -1 30 37 33 40 48 45 -1 52 -1 -2
29 37 34 39 48 45 -1 30 37 33 40 49 44 -1 52 -1 -2
29 37 34 39 48 45 -1 30 37 33 40 49 45 -1 52 -1 -2
29 37 34 39 48 45 -1 30 37 34 40 48 44 -1 52 -1 -2
29 37 34 39 48 45 -1 30 37 34 40 48 45 -1 52 -1 -2
29 37 34 39 48 45 -1 30 37 34 40 49 44 -1 52 -1 -2
29 37 34 39 48 45 -1 30 37 34 40 49 45 -1 52 -1 -2
29 37 34 39 49 44 -1 28 36 33 40 48 45 -1 52 -1 -2
29 37 34 39 49 44 -1 28 36 33 40 48 46 -1 52 -1 -2
29 37 34 39 49 44 -1 28 36 33 40 51 45 -1 52 -1 -2
29 37 34 39 49 44 -1 28 36 33 40 51 46 -1 52 -1 -2
29 37 34 39 49 44 -1 28 36 34 40 48 45 -1 52 -1 -2
29 37 34 39 49 44 -1 28 36 34 40 48 46 -1 52 -1 -2
29 37 34 39 49 44 -1 28 36 34 40 51 45 -1 52 -1 -2
29 37 34 39 49 44 -1 28 36 34 40 51 46 -1 54 -1 -2
29 37 34 39 49 44 -1 28 37 33 40 48 45 -1 52 -1 -2
29 37 34 39 49 44 -1 28 37 33 40 48 46 -1 52 -1 -2
29 37 34 39 49 44 -1 28 37 33 40 51 45 -1 52 -1 -2
29 37 34 39 49 44 -1 28 37 33 40 51 46 -1 52 -1 -2
29 37 34 39 49 44 -1 28 37 34 40 48 45 -1 52 -1 -2
29 37 34 39 49 44 -1 28 37 34 40 48 46 -1 52 -1 -2
29 37 34 39 49 44 -1 28 37 34 40 51 45 -1 52 -1 -2
29 37 34 39 49 44 -1 28 37 34 40 51 46 -1 -2
29 37 34 39 49 44 -1 29 36 33 40 48 45 -1 -2
29 37 34 39 49 44 -1 29 36 33 40 48 46 -1 -2
29 37 34 39 49 44 -1 29 36 33 40 51 45 -1 -2
29 37 34 39 49 44 -1 29 36 33 40 51 46 -1 -2
29 37 34 39 49 44 -1 29 36 34 40 48 45 -1 -2
29 37 34 39 49 44 -1 29 36 34 40 48 46 -1 -2
29 37 34 39 49 44 -1 29 36 34 40 51 45 -1 -2
29 37 34 39 49 44 -1 29 36 34 40 51 46 -1 -2
29 37 34 39 49 44 -1 29 37 33 40 48 45 -1 -2
29 37 34 39 49 44 -1 29 37 33 40 48 46 -1 -2
29 37 34 39 49 44 -1 29 37 33 40 51 45 -1 -2
29 37 34 39 49 44 -1 29 37 33 40 51 46 -1 -2
29 37 34 39 49 44 -1 29 37 34 40 48 45 -1 -2
29 37 34 39 49 44 -1 29 37 34 40 48 46 -1 -2
29 37 34 39 49 44 -1 29 37 34 40 51 45 -1 -2
29 37 34 39 49 44 -1 29 37 34 40 51 46 -1 -2
29 37 34 39 49 44 -1 30 36 33 40 48 45 -1 -2
29 37 34 39 49 44 -1 30 36 33 40 48 46 -1 -2
29 37 34 39 49 44 -1 30 36 33 40 51 45 -1 -2
29 37 34 39 49 44 -1 30 36 33 40 51 46 -1 -2
29 37 34 39 49 44 -1 30 36 34 40 48 45 -1 -2
29 37 34 39 49 44 -1 30 36 34 40 48 46 -1 -2
29 37 34 39 49 44 -1 30 36 34 40 51 45 -1 -2
29 37 34 39 49 44 -1 30 36 34 40 51 46 -1 -2
29 37 34 39 49 44 -1 30 37 33 40 48 45 -1 52 -1 -2
29 37 34 39 49 44 -1 30 37 33 40 48 46 -1 52 -1 -2
29 37 34 39 49 44 -1 30 37 33 40 51 45 -1 52 -1 -2
29 37 34 39 49 44 -1 30 37 33 40 51 46 -1 52 -1 -2
29 37 34 39 49 44 -1 30 37 34 40 48 45 -1 52 -1 -2
29 37 34 39 49 44 -1 30 37 34 40 48 46 -1 52 -1 -2
29 37 34 39 49 44 -1 30 37 34 40 51 45 -1 52 -1 -2
29 37 34 39 49 44 -1 30 37 34 40 51 46 -1 52 -1 -2
29 37 34 39 49 45 -1 28 36 33 40 48 44 -1 52 -1 -2
29 37 34 39 49 45 -1 28 36 33 40 48 45 -1 52 -1 -2
29 37 34 39 49 45 -1 28 36 33 40 51 44 -1 52 -1 -2
29 37 34 39 49 45 -1 28 36 33 40 51 45 -1 52 -1 -2
29 37 34 39 49 45 -1 28 36 34 40 48 44 -1 52 -1 -2
29 37 34 39 49 45 -1 28 36 34 40 48 45 -1 52 -1 -2
29 37 34 39 49 45 -1 28 36 34 40 51 44 -1 52 -1 -2
29 37 34 39 49 45 -1 28 36 34 40 51 45 -1 54 -1 -2
29 37 34 39 49 45 -1 28 37 33 40 48 44 -1 52 -1 -2
29 37 34 39 49 45 -1 28 37 33 40 48 45 -1 52 -1 -2
29 37 34 39 49 45 -1 28 37 33 40 51 44 -1 52 -1 -2
29 37 34 39 49 45 -1 28 37 33 40 51 45 -1 52 -1 -2
29 37 34 39 49 45 -1 28 37 34 40 48 44 -1 52 -1 -2
29 37 34 39 49 45 -1 28 37 34 40 48 45 -1 52 -1 -2
29 37 34 39 49 45 -1 28 37 34 40 51 44 -1 52 -1 -2
29 37 34 39 49 45 -1 28 37 34 40 51 45 -1 -2
29 37 34 39 49 45 -1 29 36 33 40 48 44 -1 -2
29 37 34 39 49 45 -1 29 36 33 40 48 45 -1 -2
29 37 34 39 49 45 -1 29 36 33 40 51 44 -1 -2
29 37 34 39 49 45 -1 29 36 33 40 51 45 -1 -2
29 37 34 39 49 45 -1 29 36 34 40 48 44 -1 -2
29 37 34 39 49 45 -1 29 36 34 40 48 45 -1 -2
29 37 34 39 49 45 -1 29 36 34 40 51 44 -1 -2
29 37 34 39 49 45 -1 29 36 34 40 51 45 -1 -2
29 37 34 39 49 45 -1 29 37 33 40 48 44 -1 -2
29 37 34 39 49 45 -1 29 37 33 40 48 45 -1 -2
29 37 34 39 49 45 -1 29 37 33 40 51 44 -1 -2
29 37 34 39 49 45 -1 29 37 33 40 51 45 -1 -2
29 37 34 39 49 45 -1 29 37 34 40 48 44 -1 -2
29 37 34 39 49 45 -1 29 37 34 40 48 45 -1 -2
29 37 34 39 49 45 -1 29 37 34 40 51 44 -1 -2
29 37 34 39 49 45 -1 29 37 34 40 51 45 -1 -2
29 37 34 39 49 45 -1 30 36 33 40 48 44 -1 -2
29 37 34 39 49 45 -1 30 36 33 40 48 45 -1 -2
29 37 34 39 49 45 -1 30 36 33 40 51 44 -1 -2
29 37 34 39 49 45 -1 30 36 33 40 51 45 -1 -2
29 37 34 39 49 45 -1 30 36 34 40 48 44 -1 -2
29 37 34 39 49 45 -1 30 36 34 40 48 45 -1 -2
29 37 34 39 49 45 -1 30 36 34 40 51 44 -1 -2
29 37 34 39 49 45 -1 30 36 34 40 51 45 -1 -2
29 37 34 39 49 45 -1 30 37 33 40 48 44 -1 52 -1 -2
29 37 34 39 49 45 -1 30 37 33 40 48 45 -1 52 -1 -2
29 37 34 39 49 45 -1 30 37 33 40 51 44 -1 52 -1 -2
29 37 34 39 49 45 -1 30 37 33 40 51 45 -1 52 -1 -2
29 37 34 39 49 45 -1 30 37 34 40 48 44 -1 52 -1 -2
29 37 34 39 49 45 -1 30 37 34 40 48 45 -1 52 -1 -2
29 37 34 39 49 45 -1 30 37 34 40 51 44 -1 52 -1 -2
29 37 34 39 49 45 -1 30 37 34 40 51 45 -1 52 -1 -2
30 36 33 39 48 44 -1 29 37 34 40 48 45 -1 -2
30 36 33 39 48 44 -1 29 37 34 40 48 46 -1 -2
30 36 33 39 48 44 -1 29 37 34 40 49 45 -1 -2
30 36 33 39 48 44 -1 29 37 34 40 49 46 -1 -2
30 36 33 39 48 44 -1 29 37 35 40 48 45 -1 -2
30 36 33 39 48 44 -1 29 37 35 40 48 46 -1 -2
30 36 33 39 48 44 -1 29 37 35 40 49 45 -1 -2
30 36 33 39 48 44 -1 29 37 35 40 49 46 -1 -2
30 36 33 39 48 44 -1 29 38 34 40 48 45 -1 52 -1 -2
30 36 33 39 48 44 -1 29 38 34 40 48 46 -1 52 -1 -2
30 36 33 39 48 44 -1 29 38 34 40 49 45 -1 52 -1 -2
30 36 33 39 48 44 -1 29 38 34 40 49 46 -1 52 -1 -2
30 36 33 39 48 44 -1 29 38 35 40 48 45 -1 52 -1 -2
30 36 33 39 48 44 -1 29 38 35 40 48 46 -1 52 -1 -2
30 36 33 39 48 44 -1 29 38 35 40 49 45 -1 52 -1 -2
30 36 33 39 48 44 -1 29 38 35 40 49 46 -1 52 -1 -2
30 36 33 39 48 44 -1 32 37 34 40 48 45 -1 -2
30 36 33 39 48 44 -1 32 37 34 40 48 46 -1 -2
30 36 33 39 48 44 -1 32 37 34 40 49 45 -1 -2
30 36 33 39 48 44 -1 32 37 34 40 49 46 -1 -2
30 36 33 39 48 44 -1 32 37 35 40 48 45 -1 -2
30 36 33 39 48 44 -1 32 37 35 40 48 46 -1 -2
30 36 33 39 48 44 -1 32 37 35 40 49 45 -1 -2
30 36 33 39 48 44 -1 32 37 35 40 49 46 -1 -2
30 36 33 39 48 44 -1 32 38 34 40 48 45 -1 -2
30 36 33 39 48 44 -1 32 38 34 40 48 46 -1 -2
30 36 33 39 48 44 -1 32 38 34 40 49 45 -1 -2
30 36 33 39 48 44 -1 32 38 34 40 49 46 -1 -2
30 36 33 39 48 44 -1 32 38 35 40 48 45 -1 -2
30 36 33 39 48 44 -1 32 38 35 40 48 46 -1 -2
30 36 33 39 48 44 -1 32 38 35 40 49 45 -1 -2
30 36 33 39 48 44 -1 32 38 35 40 49 46 -1 -2
30 36 33 39 48 45 -1 29 37 34 40 48 44 -1 -2
30 36 33 39 48 45 -1 29 37 34 40 48 45 -1 -2
30 36 33 39 48 45 -1 29 37 34 40 49 44 -1 -2
30 36 33 39 48 45 -1 29 37 34 40 49 45 -1 -2
30 36 33 39 48 45 -1 29 37 35 40 48 44 -1 -2
30 36 33 39 48 45 -1 29 37 35 40 48 45 -1 -2
30 36 33 39 48 45 -1 29 37 35 40 49 44 -1 -2
30 36 33 39 48 45 -1 29 37 35 40 49 45 -1 -2
30 36 33 39 48 45 -1 29 38 34 40 48 44 -1 52 -1 -2
30 36 33 39 48 45 -1 29 38 34 40 48 45 -1 52 -1 -2
30 36 33 39 48 45 -1 29 38 34 40 49 44 -1 52 -1 -2
30 36 33 39 48 45 -1 29 38 34 40 49 45 -1 52 -1 -2
30 36 33 39 48 45 -1 29 38 35 40 48 44 -1 52 -1 -2
30 36 33 39 48 45 -1 29 38 35 40 48 45 -1 52 -1 -2
30 36 33 39 48 45 -1 29 38 35 40 49 44 -1 52 -1 -2
30 36 33 39 48 45 -1 29 38 35 40 49 45 -1 52 -1 -2
30 36 33 39 48 45 -1 32 37 34 40 48 44 -1 -2
30 36 33 39 48 45 -1 32 37 34 40 48 45 -1 -2
30 36 33 39 48 45 -1 32 37 34 40 49 44 -1 -2
30 36 33 39 48 45 -1 32 37 34 40 49 45 -1 -2
30 36 33 39 48 45 -1 32 37 35 40 48 44 -1 -2
30 36 33 39 48 45 -1 32 37 35 40 48 45 -1 -2
30 36 33 39 48 45 -1 32 37 35 40 49 44 -1 -2
30 36 33 39 48 45 -1 32 37 35 40 49 45 -1 -2
30 36 33 39 48 45 -1 32 38 34 40 48 44 -1 -2
30 36 33 39 48 45 -1 32 38 34 40 48 45 -1 -2
30 36 33 39 48 45 -1 32 38 34 40 49 44 -1 -2
30 36 33 39 48 45 -1 32 38 34 40 49 45 -1 -2
30 36 33 39 48 45 -1 32 38 35 40 48 44 -1 -2
30 36 33 39 48 45 -1 32 38 35 40 48 45 -1 -2
30 36 33 39 48 45 -1 32 38 35 40 49 44 -1 -2
30 36 33 39 48 45 -1 32 38 35 40 49 45 -1 -2
30 36 33 39 49 44 -1 29 37 34 40 48 45 -1 -2
30 36 33 39 49 44 -1 29 37 34 40 48 46 -1 -2
30 36 33 39 49 44 -1 29 37 34 40 51 45 -1 -2
30 36 33 39 49 44 -1 29 37 34 40 51 46 -1 -2
30 36 33 39 49 44 -1 29 37 35 40 48 45 -1 -2
30 36 33 39 49 44 -1 29 37 35 40 48 46 -1 -2
30 36 33 39 49 44 -1 29 37 35 40 51 45 -1 -2
30 36 33 39 49 44 -1 29 37 35 40 51 46 -1 -2
30 36 33 39 49 44 -1 29 38 34 40 48 45 -1 52 -1 -2
30 36 33 39 49 44 -1 29 38 34 40 48 46 -1 52 -1 -2
30 36 33 39 49 44 -1 29 38 34 40 51 45 -1 52 -1 -2
30 36 33 39 49 44 -1 29 38 34 40 51 46 -1 52 -1 -2
30 36 33 39 49 44 -1 29 38 35 40 48 45 -1 52 -1 -2
30 36 33 39 49 44 -1 29 38 35 40 48 46 -1 52 -1 -2
30 36 33 39 49 44 -1 29 38 35 40 51 45 -1 52 -1 -2
30 36 33 39 49 44 -1 29 38 35 40 51 46 -1 52 -1 -2
30 36 33 39 49 44 -1 32 37 34 40 48 45 -1 -2
30 36 33 39 49 44 -1 32 37 34 40 48 46 -1 -2
30 36 33 39 49 44 -1 32 37 34 40 51 45 -1 -2
30 36 33 39 49 44 -1 32 37 34 40 51 46 -1 -2
30 36 33 39 49 44 -1 32 37 35 40 48 45 -1 -2
30 36 33 39 49 44 -1 32 37 35 40 48 46 -1 -2
30 36 33 39 49 44 -1 32 37 35 40 51 45 -1 -2
30 36 33 39 49 44 -1 32 37 35 40 51 46 -1 -2
30 36 33 39 49 44 -1 32 38 34 40 48 45 -1 -2
30 36 33 39 49 44 -1 32 38 34 40 48 46 -1 -2
30 36 33 39 49 44 -1 32 38 34 40 51 45 -1 -2
30 36 33 39 49 44 -1 32 38 34 40 51 46 -1 -2
30 36 33 39 49 44 -1 32 38 35 40 48 45 -1 -2
30 36 33 39 49 44 -1 32 38 35 40 48 46 -1 -2
30 36 33 39 49 44 -1 32 38 35 40 51 45 -1 -2
30 36 33 39 49 44 -1 32 38 35 40 51 46 -1 -2
30 36 33 39 49 45 -1 29 37 34 40 48 44 -1 -2
30 36 33 39 49 45 -1 29 37 34 40 48 45 -1 -2
30 36 33 39 49 45 -1 29 37 34 40 51 44 -1 -2
30 36 33 39 49 45 -1 29 37 34 40 51 45 -1 -2
30 36 33 39 49 45 -1 29 37 35 40 48 44 -1 -2
30 36 33 39 49 45 -1 29 37 35 40 48 45 -1 -2
30 36 33 39 49 45 -1 29 37 35 40 51 44 -1 -2
30 36 33 39 49 45 -1 29 37 35 40 51 45 -1 -2
30 36 33 39 49 45 -1 29 38 34 40 48 44 -1 52 -1 -2
30 36 33 39 49 45 -1 29 38 34 40 48 45 -1 52 -1 -2
30 36 33 39 49 45 -1 29 38 34 40 51 44 -1 52 -1 -2
30 36 33 39 49 45 -1 29 38 34 40 51 45 -1 52 -1 -2
30 36 33 39 49 45 -1 29 38 35 40 48 44 -1 52 -1 -2
30 36 33 39 49 45 -1 29 38 35 40 48 45 -1 52 -1 -2
30 36 33 39 49 45 -1 29 38 35 40 51 44 -1 52 -1 -2
30 36 33 39 49 45 -1 29 38 35 40 51 45 -1 52 -1 -2
30 36 33 39 49 45 -1 32 37 34 40 48 44 -1 -2
30 36 33 39 49 45 -1 32 37 34 40 48 45 -1 -2
30 36 33 39 49 45 -1 32 37 34 40 51 44 -1 -2
30 36 33 39 49 45 -1 32 37 34 40 51 45 -1 -2
30 36 33 39 49 45 -1 32 37 35 40 48 44 -1 -2
30 36 33 39 49 45 -1 32 37 35 40 48 45 -1 -2
30 36 33 39 49 45 -1 32 37 35 40 51 44 -1 -2
30 36 33 39 49 45 -1 32 37 35 40 51 45 -1 -2
30 36 33 39 49 45 -1 32 38 34 40 48 44 -1 -2
30 36 33 39 49 45 -1 32 38 34 40 48 45 -1 -2
30 36 33 39 49 45 -1 32 38 34 40 51 44 -1 -2
30 36 33 39 49 45 -1 32 38 34 40 51 45 -1 -2
30 36 33 39 49 45 -1 32 38 35 40 48 44 -1 -2
30 36 33 39 49 45 -1 32 38 35 40 48 45 -1 -2
30 36 33 39 49 45 -1 32 38 35 40 51 44 -1 -2
30 36 33 39 49 45 -1 32 38 35 40 51 45 -1 -2
30 36 34 39 48 44 -1 29 37 33 40 48 45 -1 -2
30 36 34 39 48 44 -1 29 37 33 40 48 46 -1 -2
30 36 34 39 48 44 -1 29 37 33 40 49 45 -1 -2
30 36 34 39 48 44 -1 29 37 33 40 49 46 -1 -2
30 36 34 39 48 44 -1 29 37 34 40 48 45 -1 -2
30 36 34 39 48 44 -1 29 37 34 40 48 46 -1 -2
30 36 34 39 48 44 -1 29 37 34 40 49 45 -1 -2
30 36 34 39 48 44 -1 29 37 34 40 49 46 -1 -2
30 36 34 39 48 44 -1 29 38 33 40 48 45 -1 52 -1 -2
30 36 34 39 48 44 -1 29 38 33 40 48 46 -1 52 -1 -2
30 36 34 39 48 44 -1 29 38 33 40 49 45 -1 52 -1 -2
30 36 34 39 48 44 -1 29 38 33 40 49 46 -1 52 -1 -2
30 36 34 39 48 44 -1 29 38 34 40 48 45 -1 52 -1 -2
30 36 34 39 48 44 -1 29 38 34 40 48 46 -1 52 -1 -2
30 36 34 39 48 44 -1 29 38 34 40 49 45 -1 52 -1 -2
30 36 34 39 48 44 -1 29 38 34 40 49 46 -1 52 -1 -2
30 36 34 39 48 44 -1 32 37 33 40 48 45 -1 -2
30 36 34 39 48 44 -1 32 37 33 40 48 46 -1 -2
30 36 34 39 48 44 -1 32 37 33 40 49 45 -1 -2
30 36 34 39 48 44 -1 32 37 33 40 49 46 -1 -2
30 36 34 39 48 44 -1 32 37 34 40 48 45 -1 -2
30 36 34 39 48 44 -1 32 37 34 40 48 46 -1 -2
30 36 34 39 48 44 -1 32 37 34 40 49 45 -1 -2
30 36 34 39 48 44 -1 32 37 34 40 49 46 -1 -2
30 36 34 39 48 44 -1 32 38 33 40 48 45 -1 -2
30 36 34 39 48 44 -1 32 38 33 40 48 46 -1 -2
30 36 34 39 48 44 -1 32 38 33 40 49 45 -1 -2
30 36 34 39 48 44 -1 32 38 33 40 49 46 -1 -2
30 36 34 39 48 44 -1 32 38 34 40 48 45 -1 -2
30 36 34 39 48 44 -1 32 38 34 40 48 46 -1 -2
30 36 34 39 48 44 -1 32 38 34 40 49 45 -1 -2
30 36 34 39 48 44 -1 32 38 34 40 49 46 -1 -2
30 36 34 39 48 45 -1 29 37 33 40 48 44 -1 -2
30 36 34 39 48 45 -1 29 37 33 40 48 45 -1 -2
30 36 34 39 48 45 -1 29 37 33 40 49 44 -1 -2
30 36 34 39 48 45 -1 29 37 33 40 49 45 -1 -2
30 36 34 39 48 45 -1 29 37 34 40 48 44 -1 -2
30 36 34 39 48 45 -1 29 37 34 40 48 45 -1 -2
30 36 34 39 48 45 -1 29 37 34 40 49 44 -1 -2
30 36 34 39 48 45 -1 29 37 34 40 49 45 -1 -2
30 36 34 39 48 45 -1 29 38 33 40 48 44 -1 52 -1 -2
30 36 34 39 48 45 -1 29 38 33 40 48 45 -1 52 -1 -2
30 36 34 39 48 45 -1 29 38 33 40 49 44 -1 52 -1 -2
30 36 34 39 48 45 -1 29 38 33 40 49 45 -1 52 -1 -2
30 36 34 39 48 45 -1 29 38 34 40 48 44 -1 52 -1 -2
30 36 34 39 48 45 -1 29 38 34 40 48 45 -1 52 -1 -2
30 36 34 39 48 45 -1 29 38 34 40 49 44 -1 52 -1 -2
30 36 34 39 48 45 -1 29 38 34 40 49 45 -1 52 -1 -2
30 36 34 39 48 45 -1 32 37 33 40 48 44 -1 -2
30 36 34 39 48 45 -1 32 37 33 40 48 45 -1 -2
30 36 34 39 48 45 -1 32 37 33 40 49 44 -1 -2
30 36 34 39 48 45 -1 32 37 33 40 49 45 -1 -2
30 36 34 39 48 45 -1 32 37 34 40 48 44 -1 -2
30 36 34 39 48 45 -1 32 37 34 40 48 45 -1 -2
30 36 34 39 48 45 -1 32 37 34 40 49 44 -1 -2
30 36 34 39 48 45 -1 32 37 34 40 49 45 -1 -2
30 36 34 39 48 45 -1 32 38 33 40 48 44 -1 -2
30 36 34 39 48 45 -1 32 38 33 40 48 45 -1 -2
30 36 34 39 48 45 -1 32 38 33 40 49 44 -1 -2
30 36 34 39 48 45 -1 32 38 33 40 49 45 -1 -2
30 36 34 39 48 45 -1 32 38 34 40 48 44 -1 -2
30 36 34 39 48 45 -1 32 38 34 40 48 45 -1 -2
30 36 34 39 48 45 -1 32 38 34 40 49 44 -1 -2
30 36 34 39 48 45 -1 32 38 34 40 49 45 -1 -2
30 36 34 39 49 44 -1 29 37 33 40 48 45 -1 -2
30 36 34 39 49 44 -1 29 37 33 40 48 46 -1 -2
30 36 34 39 49 44 -1 29 37 33 40 51 45 -1 -2
30 36 34 39 49 44 -1 29 37 33 40 51 46 -1 -2
30 36 34 39 49 44 -1 29 37 34 40 48 45 -1 -2
30 36 34 39 49 44 -1 29 37 34 40 48 46 -1 -2
30 36 34 39 49 44 -1 29 37 34 40 51 45 -1 -2
30 36 34 39 49 44 -1 29 37 34 40 51 46 -1 -2
30 36 34 39 49 44 -1 29 38 33 40 48 45 -1 52 -1 -2
30 36 34 39 49 44 -1 29 38 33 40 48 46 -1 52 -1 -2
30 36 34 39 49 44 -1 29 38 33 40 51 45 -1 52 -1 -2
30 36 34 39 49 44 -1 29 38 33 40 51 46 -1 52 -1 -2
30 36 34 39 49 44 -1 29 38 34 40 48 45 -1 52 -1 -2
30 36 34 39 49 44 -1 29 38 34 40 48 46 -1 52 -1 -2
30 36 34 39 49 44 -1 29 38 34 40 51 45 -1 52 -1 -2
30 36 34 39 49 44 -1 29 38 34 40 51 46 -1 52 -1 -2
30 36 34 39 49 44 -1 32 37 33 40 48 45 -1 -2
30 36 34 39 49 44 -1 32 37 33 40 48 46 -1 -2
30 36 34 39 49 44 -1 32 37 33 40 51 45 -1 -2
30 36 34 39 49 44 -1 32 37 33 40 51 46 -1 -2
30 36 34 39 49 44 -1 32 37 34 40 48 45 -1 -2
30 36 34 39 49 44 -1 32 37 34 40 48 46 -1 -2
30 36 34 39 49 44 -1 32 37 34 40 51 45 -1 -2
30 36 34 39 49 44 -1 32 37 34 40 51 46 -1 -2
30 36 34 39 49 44 -1 32 38 33 40 48 45 -1 -2
30 36 34 39 49 44 -1 32 38 33 40 48 46 -1 -2
30 36 34 39 49 44 -1 32 38 33 40 51 45 -1 -2
30 36 34 39 49 44 -1 32 38 33 40 51 46 -1 -2
30 36 34 39 49 44 -1 32 38 34 40 48 45 -1 -2
30 36 34 39 49 44 -1 32 38 34 40 48 46 -1 -2
30 36 34 39 49 44 -1 32 38 34 40 51 45 -1 -2
30 36 34 39 49 44 -1 32 38 34 40 51 46 -1 -2
30 36 34 39 49 45 -1 29 37 33 40 48 44 -1 -2
30 36 34 39 49 45 -1 29 37 33 40 48 45 -1 -2
30 36 34 39 49 45 -1 29 37 33 40 51 44 -1 -2
30 36 34 39 49 45 -1 29 37 33 40 51 45 -1 -2
30 36 34 39 49 45 -1 29 37 34 40 48 44 -1 -2
30 36 34 39 49 45 -1 29 37 34 40 48 45 -1 -2
30 36 34 39 49 45 -1 29 37 34 40 51 44 -1 -2
30 36 34 39 49 45 -1 29 37 34 40 51 45 -1 -2
30 36 34 39 49 45 -1 29 38 33 40 48 44 -1 52 -1 -2
30 36 34 39 49 45 -1 29 38 33 40 48 45 -1 52 -1 -2
30 36 34 39 49 45 -1 29 38 33 40 51 44 -1 52 -1 -2
30 36 34 39 49 45 -1 29 38 33 40 51 45 -1 52 -1 -2
30 36 34 39 49 45 -1 29 38 34 40 48 44 -1 52 -1 -2
30 36 34 39 49 45 -1 29 38 34 40 48 45 -1 52 -1 -2
30 36 34 39 49 45 -1 29 38 34 40 51 44 -1 52 -1 -2
30 36 34 39 49 45 -1 29 38 34 40 51 45 -1 52 -1 -2
30 36 34 39 49 45 -1 32 37 33 40 48 44 -1 -2
30 36 34 39 49 45 -1 32 37 33 40 48 45 -1 -2
30 36 34 39 49 45 -1 32 37 33 40 51 44 -1 -2
30 36 34 39 49 45 -1 32 37 33 40 51 45 -1 -2
30 36 34 39 49 45 -1 32 37 34 40 48 44 -1 -2
30 36 34 39 49 45 -1 32 37 34 40 48 45 -1 -2
30 36 34 39 49 45 -1 32 37 34 40 51 44 -1 -2
30 36 34 39 49 45 -1 32 37 34 40 51 45 -1 -2
30 36 34 39 49 45 -1 32 38 33 40 48 44 -1 -2
30 36 34 39 49 45 -1 32 38 33 40 48 45 -1 -2
30 36 34 39 49 45 -1 32 38 33 40 51 44 -1 -2
30 36 34 39 49 45 -1 32 38 33 40 51 45 -1 -2
30 36 34 39 49 45 -1 32 38 34 40 48 44 -1 -2
30 36 34 39 49 45 -1 32 38 34 40 48 45 -1 -2
30 36 34 39 49 45 -1 32 38 34 40 51 44 -1 -2
30 36 34 39 49 45 -1 32 38 34 40 51 45 -1 -2
30 37 33 39 48 44 -1 52 -1 -2
30 37 33 39 48 45 -1 52 -1 -2
30 37 33 39 49 44 -1 52 -1 -2
30 37 33 39 49 45 -1 52 -1 -2
30 37 34 39 48 44 -1 52 -1 -2
30 37 34 39 48 45 -1 52 -1 -2
30 37 34 39 49 44 -1 52 -1 -2
30 37 34 39 49 45 -1 52 -1 -2
