@CONVERTED_FROM_TEXT
@ITEM=1=WealthCreation
@ITEM=2=CustomerSatisfaction
@ITEM=3=EnvironmentalProtection
@ITEM=4=conflitlogique
@ITEM=5=boucle
@ITEM=6=objectif(s)atteint(s)
2 -1 4 -1 -2
2 -1 4 -1 -2
2 -1 4 -1 -2
2 -1 4 -1 -2
2 -1 4 -1 -2
2 -1 6 -1 -2
2 -1 4 -1 -2
2 -1 4 -1 -2
4 -1 -2
4 -1 -2
4 -1 -2
4 -1 -2
4 -1 -2
2 -1 4 -1 -2
2 -1 4 -1 -2
2 -1 4 -1 -2
2 -1 4 -1 -2
2 -1 4 -1 -2
2 -1 6 -1 -2
2 -1 4 -1 -2
2 -1 4 -1 -2
4 -1 -2
4 -1 -2
4 -1 -2
4 -1 -2
4 -1 -2
-2
4 -1 -2
4 -1 -2
2 -1 -2
2 -1 -2
2 -1 -2
2 -1 -2
2 -1 -2
2 -1 -2
2 -1 -2
2 -1 -2
-2
-2
-2
-2
-2
-2
-2
-2
4 -1 -2
4 -1 -2
2 -1 4 -1 -2
2 -1 4 -1 -2
2 -1 4 -1 -2
2 -1 4 -1 -2
2 -1 4 -1 -2
2 -1 6 -1 -2
2 -1 4 -1 -2
2 -1 4 -1 -2
2 -1 4 -1 -2
2 -1 4 -1 -2
2 -1 4 -1 -2
2 -1 4 -1 -2
2 -1 4 -1 -2
2 -1 -2
2 -1 4 -1 -2
2 -1 4 -1 -2
2 -1 -2
2 -1 -2
2 -1 -2
2 -1 -2
2 -1 -2
2 -1 -2
2 -1 -2
2 -1 -2
2 -1 -2
2 -1 -2
2 -1 -2
2 -1 -2
2 -1 -2
2 -1 -2
2 -1 -2
2 -1 -2
2 -1 1 2 -1 -2
2 -1 1 2 -1 -2
2 -1 1 2 -1 -2
2 -1 1 2 -1 -2
2 -1 1 2 -1 -2
2 -1 1 2 -1 -2
2 -1 1 2 -1 -2
2 -1 1 2 -1 -2
2 -1 1 2 -1 4 -1 -2
2 -1 1 2 -1 4 -1 -2
2 -1 1 2 -1 4 -1 -2
2 -1 1 2 -1 4 -1 -2
2 -1 1 2 -1 4 -1 -2
2 -1 1 2 -1 4 -1 -2
2 -1 1 2 -1 4 -1 -2
2 -1 1 2 -1 4 -1 -2
2 -1 2 -1 4 -1 -2
2 -1 2 -1 4 -1 -2
2 -1 2 -1 4 -1 -2
2 -1 2 -1 4 -1 -2
2 -1 2 -1 4 -1 -2
2 -1 2 -1 6 -1 -2
2 -1 2 -1 4 -1 -2
2 -1 2 -1 4 -1 -2
2 -1 4 -1 -2
2 -1 4 -1 -2
2 -1 4 -1 -2
2 -1 4 -1 -2
2 -1 4 -1 -2
2 -1 -2
2 -1 4 -1 -2
2 -1 4 -1 -2
2 -1 2 -1 -2
2 -1 2 -1 -2
2 -1 2 -1 -2
2 -1 2 -1 -2
2 -1 2 -1 -2
2 -1 2 -1 -2
2 -1 2 -1 -2
2 -1 2 -1 -2
2 -1 -2
2 -1 -2
2 -1 -2
2 -1 -2
2 -1 -2
2 -1 -2
2 -1 -2
2 -1 -2
2 -1 1 2 -1 2 -1 -2
2 -1 1 2 -1 2 -1 -2
2 -1 1 2 -1 2 -1 -2
2 -1 1 2 -1 2 -1 -2
2 -1 1 2 -1 2 -1 -2
2 -1 1 2 -1 2 -1 -2
2 -1 1 2 -1 2 -1 -2
2 -1 1 2 -1 2 -1 -2
2 -1 1 2 -1 4 -1 -2
2 -1 1 2 -1 4 -1 -2
2 -1 1 2 -1 4 -1 -2
2 -1 1 2 -1 4 -1 -2
2 -1 1 2 -1 4 -1 -2
2 -1 1 2 -1 4 -1 -2
2 -1 1 2 -1 4 -1 -2
2 -1 1 2 -1 4 -1 -2
2 -1 2 -1 4 -1 -2
2 -1 2 -1 4 -1 -2
2 -1 2 -1 4 -1 -2
2 -1 2 -1 4 -1 -2
2 -1 2 -1 4 -1 -2
2 -1 2 -1 4 -1 -2
2 -1 2 -1 4 -1 -2
2 -1 2 -1 6 -1 -2
2 -1 4 -1 -2
2 -1 4 -1 -2
2 -1 4 -1 -2
2 -1 4 -1 -2
2 -1 4 -1 -2
2 -1 4 -1 -2
2 -1 4 -1 -2
2 -1 -2
2 -1 2 -1 -2
2 -1 2 -1 -2
2 -1 2 -1 -2
2 -1 2 -1 -2
2 -1 2 -1 -2
2 -1 2 -1 -2
2 -1 2 -1 -2
2 -1 2 -1 -2
2 -1 -2
2 -1 -2
2 -1 -2
2 -1 -2
2 -1 -2
2 -1 -2
2 -1 -2
2 -1 -2
2 -1 1 2 -1 2 -1 -2
2 -1 1 2 -1 2 -1 -2
2 -1 1 2 -1 2 -1 -2
2 -1 1 2 -1 2 -1 -2
2 -1 1 2 -1 2 -1 -2
2 -1 1 2 -1 2 -1 -2
2 -1 1 2 -1 2 -1 -2
2 -1 1 2 -1 2 -1 -2
2 -1 1 2 -1 4 -1 -2
2 -1 1 2 -1 4 -1 -2
2 -1 1 2 -1 4 -1 -2
2 -1 1 2 -1 4 -1 -2
2 -1 1 2 -1 4 -1 -2
2 -1 1 2 -1 4 -1 -2
2 -1 1 2 -1 4 -1 -2
2 -1 1 2 -1 4 -1 -2
2 -1 2 -1 4 -1 -2
2 -1 2 -1 4 -1 -2
2 -1 2 -1 4 -1 -2
2 -1 2 -1 4 -1 -2
2 -1 2 -1 4 -1 -2
2 -1 2 -1 4 -1 -2
2 -1 2 -1 4 -1 -2
2 -1 2 -1 6 -1 -2
2 -1 4 -1 -2
2 -1 4 -1 -2
2 -1 4 -1 -2
2 -1 4 -1 -2
2 -1 4 -1 -2
2 -1 4 -1 -2
2 -1 4 -1 -2
2 -1 -2
2 -1 2 -1 -2
2 -1 2 -1 -2
2 -1 2 -1 -2
2 -1 2 -1 -2
2 -1 2 -1 -2
2 -1 2 -1 -2
2 -1 2 -1 -2
2 -1 2 -1 -2
2 -1 -2
2 -1 -2
2 -1 -2
2 -1 -2
2 -1 -2
2 -1 -2
2 -1 -2
2 -1 -2
2 -1 1 2 -1 2 -1 -2
2 -1 1 2 -1 2 -1 -2
2 -1 1 2 -1 2 -1 -2
2 -1 1 2 -1 2 -1 -2
2 -1 1 2 -1 2 -1 -2
2 -1 1 2 -1 2 -1 -2
2 -1 1 2 -1 2 -1 -2
2 -1 1 2 -1 2 -1 -2
2 -1 1 2 -1 4 -1 -2
2 -1 1 2 -1 4 -1 -2
2 -1 1 2 -1 4 -1 -2
2 -1 1 2 -1 4 -1 -2
2 -1 1 2 -1 4 -1 -2
2 -1 1 2 -1 4 -1 -2
2 -1 1 2 -1 4 -1 -2
2 -1 1 2 -1 4 -1 -2
2 -1 2 -1 4 -1 -2
2 -1 2 -1 4 -1 -2
2 -1 2 -1 4 -1 -2
2 -1 2 -1 4 -1 -2
2 -1 2 -1 4 -1 -2
2 -1 2 -1 6 -1 -2
2 -1 2 -1 4 -1 -2
2 -1 2 -1 4 -1 -2
2 -1 4 -1 -2
2 -1 4 -1 -2
2 -1 4 -1 -2
2 -1 4 -1 -2
2 -1 4 -1 -2
2 -1 -2
2 -1 4 -1 -2
2 -1 4 -1 -2
2 -1 2 -1 -2
2 -1 2 -1 -2
2 -1 2 -1 -2
2 -1 2 -1 -2
2 -1 2 -1 -2
2 -1 2 -1 -2
2 -1 2 -1 -2
2 -1 2 -1 -2
2 -1 -2
2 -1 -2
2 -1 -2
2 -1 -2
2 -1 -2
2 -1 -2
2 -1 -2
2 -1 -2
2 -1 1 2 -1 2 -1 -2
2 -1 1 2 -1 2 -1 -2
2 -1 1 2 -1 2 -1 -2
2 -1 1 2 -1 2 -1 -2
2 -1 1 2 -1 2 -1 -2
2 -1 1 2 -1 2 -1 -2
2 -1 1 2 -1 2 -1 -2
2 -1 1 2 -1 2 -1 -2
2 -1 1 2 -1 4 -1 -2
2 -1 1 2 -1 4 -1 -2
2 -1 1 2 -1 4 -1 -2
2 -1 1 2 -1 4 -1 -2
2 -1 1 2 -1 4 -1 -2
2 -1 1 2 -1 4 -1 -2
2 -1 1 2 -1 4 -1 -2
2 -1 1 2 -1 4 -1 -2
2 -1 2 -1 4 -1 -2
2 -1 2 -1 4 -1 -2
2 -1 2 -1 4 -1 -2
2 -1 2 -1 4 -1 -2
2 -1 2 -1 4 -1 -2
2 -1 2 -1 6 -1 -2
2 -1 2 -1 4 -1 -2
2 -1 2 -1 4 -1 -2
2 -1 4 -1 -2
2 -1 4 -1 -2
2 -1 4 -1 -2
2 -1 4 -1 -2
2 -1 4 -1 -2
2 -1 -2
2 -1 4 -1 -2
2 -1 4 -1 -2
2 -1 2 -1 -2
2 -1 2 -1 -2
2 -1 2 -1 -2
2 -1 2 -1 -2
2 -1 2 -1 -2
2 -1 2 -1 -2
2 -1 2 -1 -2
2 -1 2 -1 -2
2 -1 -2
2 -1 -2
2 -1 -2
2 -1 -2
2 -1 -2
2 -1 -2
2 -1 -2
2 -1 -2
2 -1 1 2 -1 2 -1 -2
2 -1 1 2 -1 2 -1 -2
2 -1 1 2 -1 2 -1 -2
2 -1 1 2 -1 2 -1 -2
2 -1 1 2 -1 2 -1 -2
2 -1 1 2 -1 2 -1 -2
2 -1 1 2 -1 2 -1 -2
2 -1 1 2 -1 2 -1 -2
2 -1 1 2 -1 4 -1 -2
2 -1 1 2 -1 4 -1 -2
2 -1 1 2 -1 4 -1 -2
2 -1 1 2 -1 4 -1 -2
2 -1 1 2 -1 4 -1 -2
2 -1 1 2 -1 4 -1 -2
2 -1 1 2 -1 4 -1 -2
2 -1 1 2 -1 4 -1 -2
2 -1 2 -1 4 -1 -2
2 -1 2 -1 4 -1 -2
2 -1 2 -1 4 -1 -2
2 -1 2 -1 4 -1 -2
2 -1 2 -1 4 -1 -2
2 -1 2 -1 4 -1 -2
2 -1 2 -1 4 -1 -2
2 -1 2 -1 6 -1 -2
2 -1 4 -1 -2
2 -1 4 -1 -2
2 -1 4 -1 -2
2 -1 4 -1 -2
2 -1 4 -1 -2
2 -1 4 -1 -2
2 -1 4 -1 -2
2 -1 -2
2 -1 2 -1 -2
2 -1 2 -1 -2
2 -1 2 -1 -2
2 -1 2 -1 -2
2 -1 2 -1 -2
2 -1 2 -1 -2
2 -1 2 -1 -2
2 -1 2 -1 -2
2 -1 -2
2 -1 -2
2 -1 -2
2 -1 -2
2 -1 -2
2 -1 -2
2 -1 -2
2 -1 -2
2 -1 1 2 -1 2 -1 -2
2 -1 1 2 -1 2 -1 -2
2 -1 1 2 -1 2 -1 -2
2 -1 1 2 -1 2 -1 -2
2 -1 1 2 -1 2 -1 -2
2 -1 1 2 -1 2 -1 -2
2 -1 1 2 -1 2 -1 -2
2 -1 1 2 -1 2 -1 -2
2 -1 1 2 -1 4 -1 -2
2 -1 1 2 -1 4 -1 -2
2 -1 1 2 -1 4 -1 -2
2 -1 1 2 -1 4 -1 -2
2 -1 1 2 -1 4 -1 -2
2 -1 1 2 -1 4 -1 -2
2 -1 1 2 -1 4 -1 -2
2 -1 1 2 -1 4 -1 -2
2 -1 2 -1 4 -1 -2
2 -1 2 -1 4 -1 -2
2 -1 2 -1 4 -1 -2
2 -1 2 -1 4 -1 -2
2 -1 2 -1 4 -1 -2
2 -1 2 -1 4 -1 -2
2 -1 2 -1 4 -1 -2
2 -1 2 -1 6 -1 -2
2 -1 4 -1 -2
2 -1 4 -1 -2
2 -1 4 -1 -2
2 -1 4 -1 -2
2 -1 4 -1 -2
2 -1 4 -1 -2
2 -1 4 -1 -2
2 -1 -2
2 -1 2 -1 -2
2 -1 2 -1 -2
2 -1 2 -1 -2
2 -1 2 -1 -2
2 -1 2 -1 -2
2 -1 2 -1 -2
2 -1 2 -1 -2
2 -1 2 -1 -2
2 -1 -2
2 -1 -2
2 -1 -2
2 -1 -2
2 -1 -2
2 -1 -2
2 -1 -2
2 -1 -2
2 -1 1 2 -1 2 -1 -2
2 -1 1 2 -1 2 -1 -2
2 -1 1 2 -1 2 -1 -2
2 -1 1 2 -1 2 -1 -2
2 -1 1 2 -1 2 -1 -2
2 -1 1 2 -1 2 -1 -2
2 -1 1 2 -1 2 -1 -2
2 -1 1 2 -1 2 -1 -2
2 -1 1 2 -1 4 -1 -2
2 -1 1 2 -1 4 -1 -2
2 -1 1 2 -1 4 -1 -2
2 -1 1 2 -1 4 -1 -2
2 -1 1 2 -1 4 -1 -2
2 -1 1 2 -1 4 -1 -2
2 -1 1 2 -1 4 -1 -2
2 -1 1 2 -1 4 -1 -2
2 -1 2 -1 4 -1 -2
2 -1 2 -1 4 -1 -2
2 -1 2 -1 4 -1 -2
2 -1 2 -1 4 -1 -2
2 -1 2 -1 4 -1 -2
2 -1 2 -1 6 -1 -2
2 -1 2 -1 4 -1 -2
2 -1 2 -1 4 -1 -2
2 -1 2 -1 4 -1 -2
2 -1 2 -1 4 -1 -2
2 -1 2 -1 4 -1 -2
2 -1 2 -1 4 -1 -2
2 -1 2 -1 4 -1 -2
2 -1 2 -1 -2
2 -1 2 -1 4 -1 -2
2 -1 2 -1 4 -1 -2
2 -1 2 -1 -2
2 -1 2 -1 -2
2 -1 2 -1 -2
2 -1 2 -1 -2
2 -1 2 -1 -2
2 -1 2 -1 -2
2 -1 2 -1 -2
2 -1 2 -1 -2
2 -1 2 -1 -2
2 -1 2 -1 -2
2 -1 2 -1 -2
2 -1 2 -1 -2
2 -1 2 -1 -2
2 -1 2 -1 -2
2 -1 2 -1 -2
2 -1 2 -1 -2
2 -1 1 2 -1 2 -1 -2
2 -1 1 2 -1 2 -1 -2
2 -1 1 2 -1 2 -1 -2
2 -1 1 2 -1 2 -1 -2
2 -1 1 2 -1 2 -1 -2
2 -1 1 2 -1 2 -1 -2
2 -1 1 2 -1 2 -1 -2
2 -1 1 2 -1 2 -1 -2
2 -1 1 2 -1 2 -1 4 -1 -2
2 -1 1 2 -1 2 -1 4 -1 -2
2 -1 1 2 -1 2 -1 4 -1 -2
2 -1 1 2 -1 2 -1 4 -1 -2
2 -1 1 2 -1 2 -1 4 -1 -2
2 -1 1 2 -1 2 -1 4 -1 -2
2 -1 1 2 -1 2 -1 4 -1 -2
2 -1 1 2 -1 2 -1 4 -1 -2
2 -1 2 -1 4 -1 -2
2 -1 2 -1 4 -1 -2
2 -1 2 -1 4 -1 -2
2 -1 2 -1 4 -1 -2
2 -1 2 -1 4 -1 -2
2 -1 2 -1 6 -1 -2
2 -1 2 -1 4 -1 -2
2 -1 2 -1 4 -1 -2
2 -1 2 -1 4 -1 -2
2 -1 2 -1 4 -1 -2
2 -1 2 -1 4 -1 -2
2 -1 2 -1 4 -1 -2
2 -1 2 -1 4 -1 -2
2 -1 2 -1 -2
2 -1 2 -1 4 -1 -2
2 -1 2 -1 4 -1 -2
2 -1 2 -1 -2
2 -1 2 -1 -2
2 -1 2 -1 -2
2 -1 2 -1 -2
2 -1 2 -1 -2
2 -1 2 -1 -2
2 -1 2 -1 -2
2 -1 2 -1 -2
2 -1 2 -1 -2
2 -1 2 -1 -2
2 -1 2 -1 -2
2 -1 2 -1 -2
2 -1 2 -1 -2
2 -1 2 -1 -2
2 -1 2 -1 -2
2 -1 2 -1 -2
2 -1 1 2 -1 2 -1 -2
2 -1 1 2 -1 2 -1 -2
2 -1 1 2 -1 2 -1 -2
2 -1 1 2 -1 2 -1 -2
2 -1 1 2 -1 2 -1 -2
2 -1 1 2 -1 2 -1 -2
2 -1 1 2 -1 2 -1 -2
2 -1 1 2 -1 2 -1 -2
2 -1 1 2 -1 2 -1 4 -1 -2
2 -1 1 2 -1 2 -1 4 -1 -2
2 -1 1 2 -1 2 -1 4 -1 -2
2 -1 1 2 -1 2 -1 4 -1 -2
2 -1 1 2 -1 2 -1 4 -1 -2
2 -1 1 2 -1 2 -1 4 -1 -2
2 -1 1 2 -1 2 -1 4 -1 -2
2 -1 1 2 -1 2 -1 4 -1 -2
2 -1 2 -1 4 -1 -2
2 -1 2 -1 4 -1 -2
2 -1 2 -1 4 -1 -2
2 -1 2 -1 4 -1 -2
2 -1 2 -1 4 -1 -2
2 -1 2 -1 4 -1 -2
2 -1 2 -1 4 -1 -2
2 -1 2 -1 6 -1 -2
2 -1 2 -1 4 -1 -2
2 -1 2 -1 4 -1 -2
2 -1 2 -1 4 -1 -2
2 -1 2 -1 4 -1 -2
2 -1 2 -1 4 -1 -2
2 -1 2 -1 4 -1 -2
2 -1 2 -1 4 -1 -2
2 -1 2 -1 -2
2 -1 2 -1 -2
2 -1 2 -1 -2
2 -1 2 -1 -2
2 -1 2 -1 -2
2 -1 2 -1 -2
2 -1 2 -1 -2
2 -1 2 -1 -2
2 -1 2 -1 -2
2 -1 2 -1 -2
2 -1 2 -1 -2
2 -1 2 -1 -2
2 -1 2 -1 -2
2 -1 2 -1 -2
2 -1 2 -1 -2
2 -1 2 -1 -2
2 -1 2 -1 -2
2 -1 1 2 -1 2 -1 -2
2 -1 1 2 -1 2 -1 -2
2 -1 1 2 -1 2 -1 -2
2 -1 1 2 -1 2 -1 -2
2 -1 1 2 -1 2 -1 -2
2 -1 1 2 -1 2 -1 -2
2 -1 1 2 -1 2 -1 -2
2 -1 1 2 -1 2 -1 -2
2 -1 1 2 -1 2 -1 4 -1 -2
2 -1 1 2 -1 2 -1 4 -1 -2
2 -1 1 2 -1 2 -1 4 -1 -2
2 -1 1 2 -1 2 -1 4 -1 -2
2 -1 1 2 -1 2 -1 4 -1 -2
2 -1 1 2 -1 2 -1 4 -1 -2
2 -1 1 2 -1 2 -1 4 -1 -2
2 -1 1 2 -1 2 -1 4 -1 -2
2 -1 2 -1 4 -1 -2
2 -1 2 -1 4 -1 -2
2 -1 2 -1 4 -1 -2
2 -1 2 -1 4 -1 -2
2 -1 2 -1 4 -1 -2
2 -1 2 -1 4 -1 -2
2 -1 2 -1 4 -1 -2
2 -1 2 -1 6 -1 -2
2 -1 2 -1 4 -1 -2
2 -1 2 -1 4 -1 -2
2 -1 2 -1 4 -1 -2
2 -1 2 -1 4 -1 -2
2 -1 2 -1 4 -1 -2
2 -1 2 -1 4 -1 -2
2 -1 2 -1 4 -1 -2
2 -1 2 -1 -2
2 -1 2 -1 -2
2 -1 2 -1 -2
2 -1 2 -1 -2
2 -1 2 -1 -2
2 -1 2 -1 -2
2 -1 2 -1 -2
2 -1 2 -1 -2
2 -1 2 -1 -2
2 -1 2 -1 -2
2 -1 2 -1 -2
2 -1 2 -1 -2
2 -1 2 -1 -2
2 -1 2 -1 -2
2 -1 2 -1 -2
2 -1 2 -1 -2
2 -1 2 -1 -2
2 -1 1 2 -1 2 -1 -2
2 -1 1 2 -1 2 -1 -2
2 -1 1 2 -1 2 -1 -2
2 -1 1 2 -1 2 -1 -2
2 -1 1 2 -1 2 -1 -2
2 -1 1 2 -1 2 -1 -2
2 -1 1 2 -1 2 -1 -2
2 -1 1 2 -1 2 -1 -2
2 -1 1 2 -1 2 -1 4 -1 -2
2 -1 1 2 -1 2 -1 4 -1 -2
2 -1 1 2 -1 2 -1 4 -1 -2
2 -1 1 2 -1 2 -1 4 -1 -2
2 -1 1 2 -1 2 -1 4 -1 -2
2 -1 1 2 -1 2 -1 4 -1 -2
2 -1 1 2 -1 2 -1 4 -1 -2
2 -1 1 2 -1 2 -1 4 -1 -2
2 -1 2 -1 4 -1 -2
2 -1 2 -1 4 -1 -2
2 -1 2 -1 4 -1 -2
2 -1 2 -1 4 -1 -2
2 -1 2 -1 4 -1 -2
2 -1 2 -1 6 -1 -2
2 -1 2 -1 4 -1 -2
2 -1 2 -1 4 -1 -2
2 -1 2 -1 4 -1 -2
2 -1 2 -1 4 -1 -2
2 -1 2 -1 4 -1 -2
2 -1 2 -1 4 -1 -2
2 -1 2 -1 4 -1 -2
2 -1 2 -1 -2
2 -1 2 -1 4 -1 -2
2 -1 2 -1 4 -1 -2
2 -1 2 -1 -2
2 -1 2 -1 -2
2 -1 2 -1 -2
2 -1 2 -1 -2
2 -1 2 -1 -2
2 -1 2 -1 -2
2 -1 2 -1 -2
2 -1 2 -1 -2
2 -1 2 -1 -2
2 -1 2 -1 -2
2 -1 2 -1 -2
2 -1 2 -1 -2
2 -1 2 -1 -2
2 -1 2 -1 -2
2 -1 2 -1 -2
2 -1 2 -1 -2
2 -1 1 2 -1 2 -1 -2
2 -1 1 2 -1 2 -1 -2
2 -1 1 2 -1 2 -1 -2
2 -1 1 2 -1 2 -1 -2
2 -1 1 2 -1 2 -1 -2
2 -1 1 2 -1 2 -1 -2
2 -1 1 2 -1 2 -1 -2
2 -1 1 2 -1 2 -1 -2
2 -1 1 2 -1 2 -1 4 -1 -2
2 -1 1 2 -1 2 -1 4 -1 -2
2 -1 1 2 -1 2 -1 4 -1 -2
2 -1 1 2 -1 2 -1 4 -1 -2
2 -1 1 2 -1 2 -1 4 -1 -2
2 -1 1 2 -1 2 -1 4 -1 -2
2 -1 1 2 -1 2 -1 4 -1 -2
2 -1 1 2 -1 2 -1 4 -1 -2
2 -1 2 -1 4 -1 -2
2 -1 2 -1 4 -1 -2
2 -1 2 -1 4 -1 -2
2 -1 2 -1 4 -1 -2
2 -1 2 -1 4 -1 -2
2 -1 2 -1 6 -1 -2
2 -1 2 -1 4 -1 -2
2 -1 2 -1 4 -1 -2
2 -1 2 -1 4 -1 -2
2 -1 2 -1 4 -1 -2
2 -1 2 -1 4 -1 -2
2 -1 2 -1 4 -1 -2
2 -1 2 -1 4 -1 -2
2 -1 2 -1 -2
2 -1 2 -1 4 -1 -2
2 -1 2 -1 4 -1 -2
2 -1 2 -1 -2
2 -1 2 -1 -2
2 -1 2 -1 -2
2 -1 2 -1 -2
2 -1 2 -1 -2
2 -1 2 -1 -2
2 -1 2 -1 -2
2 -1 2 -1 -2
2 -1 2 -1 -2
2 -1 2 -1 -2
2 -1 2 -1 -2
2 -1 2 -1 -2
2 -1 2 -1 -2
2 -1 2 -1 -2
2 -1 2 -1 -2
2 -1 2 -1 -2
2 -1 1 2 -1 2 -1 -2
2 -1 1 2 -1 2 -1 -2
2 -1 1 2 -1 2 -1 -2
2 -1 1 2 -1 2 -1 -2
2 -1 1 2 -1 2 -1 -2
2 -1 1 2 -1 2 -1 -2
2 -1 1 2 -1 2 -1 -2
2 -1 1 2 -1 2 -1 -2
2 -1 1 2 -1 2 -1 4 -1 -2
2 -1 1 2 -1 2 -1 4 -1 -2
2 -1 1 2 -1 2 -1 4 -1 -2
2 -1 1 2 -1 2 -1 4 -1 -2
2 -1 1 2 -1 2 -1 4 -1 -2
2 -1 1 2 -1 2 -1 4 -1 -2
2 -1 1 2 -1 2 -1 4 -1 -2
2 -1 1 2 -1 2 -1 4 -1 -2
2 -1 2 -1 4 -1 -2
2 -1 2 -1 4 -1 -2
2 -1 2 -1 4 -1 -2
2 -1 2 -1 4 -1 -2
2 -1 2 -1 4 -1 -2
2 -1 2 -1 4 -1 -2
2 -1 2 -1 4 -1 -2
2 -1 2 -1 6 -1 -2
2 -1 2 -1 4 -1 -2
2 -1 2 -1 4 -1 -2
2 -1 2 -1 4 -1 -2
2 -1 2 -1 4 -1 -2
2 -1 2 -1 4 -1 -2
2 -1 2 -1 4 -1 -2
2 -1 2 -1 4 -1 -2
2 -1 2 -1 -2
2 -1 2 -1 -2
2 -1 2 -1 -2
2 -1 2 -1 -2
2 -1 2 -1 -2
2 -1 2 -1 -2
2 -1 2 -1 -2
2 -1 2 -1 -2
2 -1 2 -1 -2
2 -1 2 -1 -2
2 -1 2 -1 -2
2 -1 2 -1 -2
2 -1 2 -1 -2
2 -1 2 -1 -2
2 -1 2 -1 -2
2 -1 2 -1 -2
2 -1 2 -1 -2
2 -1 1 2 -1 2 -1 -2
2 -1 1 2 -1 2 -1 -2
2 -1 1 2 -1 2 -1 -2
2 -1 1 2 -1 2 -1 -2
2 -1 1 2 -1 2 -1 -2
2 -1 1 2 -1 2 -1 -2
2 -1 1 2 -1 2 -1 -2
2 -1 1 2 -1 2 -1 -2
2 -1 1 2 -1 2 -1 4 -1 -2
2 -1 1 2 -1 2 -1 4 -1 -2
2 -1 1 2 -1 2 -1 4 -1 -2
2 -1 1 2 -1 2 -1 4 -1 -2
2 -1 1 2 -1 2 -1 4 -1 -2
2 -1 1 2 -1 2 -1 4 -1 -2
2 -1 1 2 -1 2 -1 4 -1 -2
2 -1 1 2 -1 2 -1 4 -1 -2
2 -1 2 -1 4 -1 -2
2 -1 2 -1 4 -1 -2
2 -1 2 -1 4 -1 -2
2 -1 2 -1 4 -1 -2
2 -1 2 -1 4 -1 -2
2 -1 2 -1 4 -1 -2
2 -1 2 -1 4 -1 -2
2 -1 2 -1 6 -1 -2
2 -1 2 -1 4 -1 -2
2 -1 2 -1 4 -1 -2
2 -1 2 -1 4 -1 -2
2 -1 2 -1 4 -1 -2
2 -1 2 -1 4 -1 -2
2 -1 2 -1 4 -1 -2
2 -1 2 -1 4 -1 -2
2 -1 2 -1 -2
2 -1 2 -1 -2
2 -1 2 -1 -2
2 -1 2 -1 -2
2 -1 2 -1 -2
2 -1 2 -1 -2
2 -1 2 -1 -2
2 -1 2 -1 -2
2 -1 2 -1 -2
2 -1 2 -1 -2
2 -1 2 -1 -2
2 -1 2 -1 -2
2 -1 2 -1 -2
2 -1 2 -1 -2
2 -1 2 -1 -2
2 -1 2 -1 -2
2 -1 2 -1 -2
2 -1 1 2 -1 2 -1 -2
2 -1 1 2 -1 2 -1 -2
2 -1 1 2 -1 2 -1 -2
2 -1 1 2 -1 2 -1 -2
2 -1 1 2 -1 2 -1 -2
2 -1 1 2 -1 2 -1 -2
2 -1 1 2 -1 2 -1 -2
2 -1 1 2 -1 2 -1 -2
2 -1 1 2 -1 2 -1 4 -1 -2
2 -1 1 2 -1 2 -1 4 -1 -2
2 -1 1 2 -1 2 -1 4 -1 -2
2 -1 1 2 -1 2 -1 4 -1 -2
2 -1 1 2 -1 2 -1 4 -1 -2
2 -1 1 2 -1 2 -1 4 -1 -2
2 -1 1 2 -1 2 -1 4 -1 -2
2 -1 1 2 -1 2 -1 4 -1 -2
1 2 -1 2 -1 2 -1 -2
1 2 -1 2 -1 2 -1 -2
1 2 -1 2 -1 2 -1 -2
1 2 -1 2 -1 2 -1 -2
1 2 -1 2 -1 2 -1 -2
1 2 -1 2 -1 2 -1 -2
1 2 -1 2 -1 2 -1 -2
1 2 -1 2 -1 2 -1 -2
1 2 -1 2 -1 4 -1 -2
1 2 -1 2 -1 4 -1 -2
1 2 -1 2 -1 4 -1 -2
1 2 -1 2 -1 4 -1 -2
1 2 -1 2 -1 4 -1 -2
1 2 -1 2 -1 4 -1 -2
1 2 -1 2 -1 4 -1 -2
1 2 -1 2 -1 4 -1 -2
1 2 -1 2 -1 2 -1 -2
1 2 -1 2 -1 2 -1 -2
1 2 -1 2 -1 2 -1 -2
1 2 -1 2 -1 2 -1 -2
1 2 -1 2 -1 2 -1 -2
1 2 -1 2 -1 2 -1 -2
1 2 -1 2 -1 2 -1 -2
1 2 -1 2 -1 2 -1 -2
1 2 -1 2 -1 -2
1 2 -1 2 -1 -2
1 2 -1 2 -1 -2
1 2 -1 2 -1 -2
1 2 -1 2 -1 -2
1 2 -1 2 -1 -2
1 2 -1 2 -1 -2
1 2 -1 2 -1 -2
1 2 -1 2 -1 1 2 -1 2 -1 -2
1 2 -1 2 -1 1 2 -1 2 -1 -2
1 2 -1 2 -1 1 2 -1 2 -1 -2
1 2 -1 2 -1 1 2 -1 2 -1 -2
1 2 -1 2 -1 1 2 -1 2 -1 -2
1 2 -1 2 -1 1 2 -1 2 -1 -2
1 2 -1 2 -1 1 2 -1 2 -1 -2
1 2 -1 2 -1 1 2 -1 2 -1 -2
1 2 -1 2 -1 1 2 -1 4 -1 -2
1 2 -1 2 -1 1 2 -1 4 -1 -2
1 2 -1 2 -1 1 2 -1 4 -1 -2
1 2 -1 2 -1 1 2 -1 4 -1 -2
1 2 -1 2 -1 1 2 -1 4 -1 -2
1 2 -1 2 -1 1 2 -1 4 -1 -2
1 2 -1 2 -1 1 2 -1 4 -1 -2
1 2 -1 2 -1 1 2 -1 4 -1 -2
1 2 -1 2 -1 2 -1 -2
1 2 -1 2 -1 2 -1 -2
1 2 -1 2 -1 2 -1 -2
1 2 -1 2 -1 2 -1 -2
1 2 -1 2 -1 2 -1 -2
1 2 -1 2 -1 2 -1 -2
1 2 -1 2 -1 2 -1 -2
1 2 -1 2 -1 2 -1 -2
1 2 -1 2 -1 -2
1 2 -1 2 -1 -2
1 2 -1 2 -1 -2
1 2 -1 2 -1 -2
1 2 -1 2 -1 -2
1 2 -1 2 -1 -2
1 2 -1 2 -1 -2
1 2 -1 2 -1 -2
1 2 -1 2 -1 1 2 -1 2 -1 -2
1 2 -1 2 -1 1 2 -1 2 -1 -2
1 2 -1 2 -1 1 2 -1 2 -1 -2
1 2 -1 2 -1 1 2 -1 2 -1 -2
1 2 -1 2 -1 1 2 -1 2 -1 -2
1 2 -1 2 -1 1 2 -1 2 -1 -2
1 2 -1 2 -1 1 2 -1 2 -1 -2
1 2 -1 2 -1 1 2 -1 2 -1 -2
1 2 -1 2 -1 1 2 -1 4 -1 -2
1 2 -1 2 -1 1 2 -1 4 -1 -2
1 2 -1 2 -1 1 2 -1 4 -1 -2
1 2 -1 2 -1 1 2 -1 4 -1 -2
1 2 -1 2 -1 1 2 -1 4 -1 -2
1 2 -1 2 -1 1 2 -1 4 -1 -2
1 2 -1 2 -1 1 2 -1 4 -1 -2
1 2 -1 2 -1 1 2 -1 4 -1 -2
1 2 -1 2 -1 2 -1 -2
1 2 -1 2 -1 2 -1 -2
1 2 -1 2 -1 2 -1 -2
1 2 -1 2 -1 2 -1 -2
1 2 -1 2 -1 2 -1 -2
1 2 -1 2 -1 2 -1 -2
1 2 -1 2 -1 2 -1 -2
1 2 -1 2 -1 2 -1 -2
1 2 -1 2 -1 -2
1 2 -1 2 -1 -2
1 2 -1 2 -1 -2
1 2 -1 2 -1 -2
1 2 -1 2 -1 -2
1 2 -1 2 -1 -2
1 2 -1 2 -1 -2
1 2 -1 2 -1 -2
1 2 -1 2 -1 1 2 -1 2 -1 -2
1 2 -1 2 -1 1 2 -1 2 -1 -2
1 2 -1 2 -1 1 2 -1 2 -1 -2
1 2 -1 2 -1 1 2 -1 2 -1 -2
1 2 -1 2 -1 1 2 -1 2 -1 -2
1 2 -1 2 -1 1 2 -1 2 -1 -2
1 2 -1 2 -1 1 2 -1 2 -1 -2
1 2 -1 2 -1 1 2 -1 2 -1 -2
1 2 -1 2 -1 1 2 -1 4 -1 -2
1 2 -1 2 -1 1 2 -1 4 -1 -2
1 2 -1 2 -1 1 2 -1 4 -1 -2
1 2 -1 2 -1 1 2 -1 4 -1 -2
1 2 -1 2 -1 1 2 -1 4 -1 -2
1 2 -1 2 -1 1 2 -1 4 -1 -2
1 2 -1 2 -1 1 2 -1 4 -1 -2
1 2 -1 2 -1 1 2 -1 4 -1 -2
1 2 -1 2 -1 2 -1 -2
1 2 -1 2 -1 2 -1 -2
1 2 -1 2 -1 2 -1 -2
1 2 -1 2 -1 2 -1 -2
1 2 -1 2 -1 2 -1 -2
1 2 -1 2 -1 2 -1 -2
1 2 -1 2 -1 2 -1 -2
1 2 -1 2 -1 2 -1 -2
1 2 -1 2 -1 -2
1 2 -1 2 -1 -2
1 2 -1 2 -1 -2
1 2 -1 2 -1 -2
1 2 -1 2 -1 -2
1 2 -1 2 -1 -2
1 2 -1 2 -1 -2
1 2 -1 2 -1 -2
1 2 -1 2 -1 1 2 -1 2 -1 -2
1 2 -1 2 -1 1 2 -1 2 -1 -2
1 2 -1 2 -1 1 2 -1 2 -1 -2
1 2 -1 2 -1 1 2 -1 2 -1 -2
1 2 -1 2 -1 1 2 -1 2 -1 -2
1 2 -1 2 -1 1 2 -1 2 -1 -2
1 2 -1 2 -1 1 2 -1 2 -1 -2
1 2 -1 2 -1 1 2 -1 2 -1 -2
1 2 -1 2 -1 1 2 -1 4 -1 -2
1 2 -1 2 -1 1 2 -1 4 -1 -2
1 2 -1 2 -1 1 2 -1 4 -1 -2
1 2 -1 2 -1 1 2 -1 4 -1 -2
1 2 -1 2 -1 1 2 -1 4 -1 -2
1 2 -1 2 -1 1 2 -1 4 -1 -2
1 2 -1 2 -1 1 2 -1 4 -1 -2
1 2 -1 2 -1 1 2 -1 4 -1 -2
1 2 -1 2 -1 2 -1 -2
1 2 -1 2 -1 2 -1 -2
1 2 -1 2 -1 2 -1 -2
1 2 -1 2 -1 2 -1 -2
1 2 -1 2 -1 2 -1 -2
1 2 -1 2 -1 2 -1 -2
1 2 -1 2 -1 2 -1 -2
1 2 -1 2 -1 2 -1 -2
1 2 -1 2 -1 -2
1 2 -1 2 -1 -2
1 2 -1 2 -1 -2
1 2 -1 2 -1 -2
1 2 -1 2 -1 -2
1 2 -1 2 -1 -2
1 2 -1 2 -1 -2
1 2 -1 2 -1 -2
1 2 -1 2 -1 1 2 -1 2 -1 -2
1 2 -1 2 -1 1 2 -1 2 -1 -2
1 2 -1 2 -1 1 2 -1 2 -1 -2
1 2 -1 2 -1 1 2 -1 2 -1 -2
1 2 -1 2 -1 1 2 -1 2 -1 -2
1 2 -1 2 -1 1 2 -1 2 -1 -2
1 2 -1 2 -1 1 2 -1 2 -1 -2
1 2 -1 2 -1 1 2 -1 2 -1 -2
1 2 -1 2 -1 1 2 -1 4 -1 -2
1 2 -1 2 -1 1 2 -1 4 -1 -2
1 2 -1 2 -1 1 2 -1 4 -1 -2
1 2 -1 2 -1 1 2 -1 4 -1 -2
1 2 -1 2 -1 1 2 -1 4 -1 -2
1 2 -1 2 -1 1 2 -1 4 -1 -2
1 2 -1 2 -1 1 2 -1 4 -1 -2
1 2 -1 2 -1 1 2 -1 4 -1 -2
1 2 -1 2 -1 2 -1 -2
1 2 -1 2 -1 2 -1 -2
1 2 -1 2 -1 2 -1 -2
1 2 -1 2 -1 2 -1 -2
1 2 -1 2 -1 2 -1 -2
1 2 -1 2 -1 2 -1 -2
1 2 -1 2 -1 2 -1 -2
1 2 -1 2 -1 2 -1 -2
1 2 -1 2 -1 -2
1 2 -1 2 -1 -2
1 2 -1 2 -1 -2
1 2 -1 2 -1 -2
1 2 -1 2 -1 -2
1 2 -1 2 -1 -2
1 2 -1 2 -1 -2
1 2 -1 2 -1 -2
1 2 -1 2 -1 1 2 -1 2 -1 -2
1 2 -1 2 -1 1 2 -1 2 -1 -2
1 2 -1 2 -1 1 2 -1 2 -1 -2
1 2 -1 2 -1 1 2 -1 2 -1 -2
1 2 -1 2 -1 1 2 -1 2 -1 -2
1 2 -1 2 -1 1 2 -1 2 -1 -2
1 2 -1 2 -1 1 2 -1 2 -1 -2
1 2 -1 2 -1 1 2 -1 2 -1 -2
1 2 -1 2 -1 1 2 -1 4 -1 -2
1 2 -1 2 -1 1 2 -1 4 -1 -2
1 2 -1 2 -1 1 2 -1 4 -1 -2
1 2 -1 2 -1 1 2 -1 4 -1 -2
1 2 -1 2 -1 1 2 -1 4 -1 -2
1 2 -1 2 -1 1 2 -1 4 -1 -2
1 2 -1 2 -1 1 2 -1 4 -1 -2
1 2 -1 2 -1 1 2 -1 4 -1 -2
1 2 -1 2 -1 2 -1 -2
1 2 -1 2 -1 2 -1 -2
1 2 -1 2 -1 2 -1 -2
1 2 -1 2 -1 2 -1 -2
1 2 -1 2 -1 2 -1 -2
1 2 -1 2 -1 2 -1 -2
1 2 -1 2 -1 2 -1 -2
1 2 -1 2 -1 2 -1 -2
1 2 -1 2 -1 -2
1 2 -1 2 -1 -2
1 2 -1 2 -1 -2
1 2 -1 2 -1 -2
1 2 -1 2 -1 -2
1 2 -1 2 -1 -2
1 2 -1 2 -1 -2
1 2 -1 2 -1 -2
1 2 -1 2 -1 1 2 -1 2 -1 -2
1 2 -1 2 -1 1 2 -1 2 -1 -2
1 2 -1 2 -1 1 2 -1 2 -1 -2
1 2 -1 2 -1 1 2 -1 2 -1 -2
1 2 -1 2 -1 1 2 -1 2 -1 -2
1 2 -1 2 -1 1 2 -1 2 -1 -2
1 2 -1 2 -1 1 2 -1 2 -1 -2
1 2 -1 2 -1 1 2 -1 2 -1 -2
1 2 -1 2 -1 1 2 -1 4 -1 -2
1 2 -1 2 -1 1 2 -1 4 -1 -2
1 2 -1 2 -1 1 2 -1 4 -1 -2
1 2 -1 2 -1 1 2 -1 4 -1 -2
1 2 -1 2 -1 1 2 -1 4 -1 -2
1 2 -1 2 -1 1 2 -1 4 -1 -2
1 2 -1 2 -1 1 2 -1 4 -1 -2
1 2 -1 2 -1 1 2 -1 4 -1 -2
1 2 -1 2 -1 2 -1 -2
1 2 -1 2 -1 2 -1 -2
1 2 -1 2 -1 2 -1 -2
1 2 -1 2 -1 2 -1 -2
1 2 -1 2 -1 2 -1 -2
1 2 -1 2 -1 2 -1 -2
1 2 -1 2 -1 2 -1 -2
1 2 -1 2 -1 2 -1 -2
1 2 -1 2 -1 -2
1 2 -1 2 -1 -2
1 2 -1 2 -1 -2
1 2 -1 2 -1 -2
1 2 -1 2 -1 -2
1 2 -1 2 -1 -2
1 2 -1 2 -1 -2
1 2 -1 2 -1 -2
1 2 -1 2 -1 4 -1 -2
1 2 -1 2 -1 4 -1 -2
1 2 -1 2 -1 4 -1 -2
1 2 -1 2 -1 4 -1 -2
1 2 -1 2 -1 4 -1 -2
1 2 -1 2 -1 4 -1 -2
1 2 -1 2 -1 4 -1 -2
1 2 -1 2 -1 4 -1 -2
